# x, y
-1.714985851425088415e+00 3.090169899999999914e-01 0.000000000000000000e+00 0.000000000000000000e+00
-1.680686134396586651e+00 5.358267899999999972e-01 0.000000000000000000e+00 0.000000000000000000e+00
-1.646386417368084665e+00 7.289686300000000063e-01 0.000000000000000000e+00 0.000000000000000000e+00
-1.612086700339583123e+00 8.763066800000000045e-01 0.000000000000000000e+00 0.000000000000000000e+00
-1.577786983311081359e+00 9.685831599999999986e-01 0.000000000000000000e+00 0.000000000000000000e+00
-1.543487266282579595e+00 1.000000000000000000e+00 0.000000000000000000e+00 0.000000000000000000e+00
-1.509187549254077831e+00 9.685831599999999986e-01 0.000000000000000000e+00 0.000000000000000000e+00
-1.474887832225575846e+00 8.763066800000000045e-01 0.000000000000000000e+00 0.000000000000000000e+00
-1.440588115197074082e+00 7.289686300000000063e-01 0.000000000000000000e+00 0.000000000000000000e+00
-1.406288398168572318e+00 5.358267899999999972e-01 0.000000000000000000e+00 0.000000000000000000e+00
-1.371988681140070554e+00 3.090169899999999914e-01 0.000000000000000000e+00 0.000000000000000000e+00
-1.337688964111569012e+00 6.279052000000000244e-02 0.000000000000000000e+00 0.000000000000000000e+00
-1.303389247083067026e+00 -1.873813099999999954e-01 0.000000000000000000e+00 0.000000000000000000e+00
-1.269089530054565262e+00 -4.257792899999999769e-01 0.000000000000000000e+00 0.000000000000000000e+00
-1.234789813026063499e+00 -6.374239900000000514e-01 0.000000000000000000e+00 0.000000000000000000e+00
-1.200490095997561957e+00 -8.090169900000000469e-01 0.000000000000000000e+00 0.000000000000000000e+00
-1.166190378969060193e+00 -9.297764899999999555e-01 0.000000000000000000e+00 0.000000000000000000e+00
-1.131890661940558207e+00 -9.921147000000000160e-01 0.000000000000000000e+00 0.000000000000000000e+00
-1.097590944912056443e+00 -9.921147000000000160e-01 0.000000000000000000e+00 0.000000000000000000e+00
-1.063291227883554679e+00 -9.297764899999999555e-01 0.000000000000000000e+00 0.000000000000000000e+00
-1.028991510855052915e+00 -8.090169900000000469e-01 0.000000000000000000e+00 0.000000000000000000e+00
-9.946917938265511516e-01 -6.374239900000000514e-01 0.000000000000000000e+00 0.000000000000000000e+00
-9.603920767980492768e-01 -4.257792899999999769e-01 0.000000000000000000e+00 0.000000000000000000e+00
-9.260923597695475129e-01 -1.873813099999999954e-01 0.000000000000000000e+00 0.000000000000000000e+00
-8.917926427410458601e-01 6.279052000000000244e-02 0.000000000000000000e+00 0.000000000000000000e+00
-8.574929257125440962e-01 3.090169899999999914e-01 0.000000000000000000e+00 0.000000000000000000e+00
-8.231932086840423324e-01 5.358267899999999972e-01 0.000000000000000000e+00 0.000000000000000000e+00
-7.888934916555404575e-01 7.289686300000000063e-01 0.000000000000000000e+00 0.000000000000000000e+00
-7.545937746270386937e-01 8.763066800000000045e-01 0.000000000000000000e+00 0.000000000000000000e+00
-7.202940575985370408e-01 9.685831599999999986e-01 0.000000000000000000e+00 0.000000000000000000e+00
-6.859943405700352770e-01 1.000000000000000000e+00 0.000000000000000000e+00 0.000000000000000000e+00
-6.516946235415335131e-01 9.685831599999999986e-01 0.000000000000000000e+00 0.000000000000000000e+00
-6.173949065130316383e-01 8.763066800000000045e-01 0.000000000000000000e+00 0.000000000000000000e+00
-5.830951894845298744e-01 7.289686300000000063e-01 0.000000000000000000e+00 0.000000000000000000e+00
-5.487954724560281106e-01 5.358267899999999972e-01 0.000000000000000000e+00 0.000000000000000000e+00
-5.144957554275264577e-01 3.090169899999999914e-01 0.000000000000000000e+00 0.000000000000000000e+00
-4.801960383990246384e-01 6.279052000000000244e-02 0.000000000000000000e+00 0.000000000000000000e+00
-4.458963213705228745e-01 -1.873813099999999954e-01 0.000000000000000000e+00 0.000000000000000000e+00
-4.115966043420210552e-01 -4.257792899999999769e-01 0.000000000000000000e+00 0.000000000000000000e+00
-3.772968873135192358e-01 -6.374239900000000514e-01 0.000000000000000000e+00 0.000000000000000000e+00
-3.429971702850174720e-01 -8.090169900000000469e-01 0.000000000000000000e+00 0.000000000000000000e+00
-3.086974532565158191e-01 -9.297764899999999555e-01 0.000000000000000000e+00 0.000000000000000000e+00
-2.743977362280140553e-01 -9.921147000000000160e-01 0.000000000000000000e+00 0.000000000000000000e+00
-2.400980191995122359e-01 -9.921147000000000160e-01 0.000000000000000000e+00 0.000000000000000000e+00
-2.057983021710104166e-01 -9.297764899999999555e-01 0.000000000000000000e+00 0.000000000000000000e+00
-1.714985851425086250e-01 -8.090169900000000469e-01 0.000000000000000000e+00 0.000000000000000000e+00
-1.371988681140068334e-01 -6.374239900000000514e-01 0.000000000000000000e+00 0.000000000000000000e+00
-1.028991510855052083e-01 -4.257792899999999769e-01 0.000000000000000000e+00 0.000000000000000000e+00
-6.859943405700341668e-02 -1.873813099999999954e-01 0.000000000000000000e+00 0.000000000000000000e+00
-3.429971702850161119e-02 6.279052000000000244e-02 0.000000000000000000e+00 0.000000000000000000e+00
1.904016779158511237e-16 3.090169899999999914e-01 0.000000000000000000e+00 0.000000000000000000e+00
3.429971702850199283e-02 5.358267899999999972e-01 0.000000000000000000e+00 0.000000000000000000e+00
6.859943405700379138e-02 7.289686300000000063e-01 0.000000000000000000e+00 0.000000000000000000e+00
1.028991510855055969e-01 8.763066800000000045e-01 0.000000000000000000e+00 0.000000000000000000e+00
1.371988681140073885e-01 9.685831599999999986e-01 0.000000000000000000e+00 0.000000000000000000e+00
1.714985851425092078e-01 1.000000000000000000e+00 0.000000000000000000e+00 0.000000000000000000e+00
2.057983021710109994e-01 9.685831599999999986e-01 0.000000000000000000e+00 0.000000000000000000e+00
2.400980191995124302e-01 8.763066800000000045e-01 0.000000000000000000e+00 0.000000000000000000e+00
2.743977362280142218e-01 7.289686300000000063e-01 0.000000000000000000e+00 0.000000000000000000e+00
3.086974532565160412e-01 5.358267899999999972e-01 0.000000000000000000e+00 0.000000000000000000e+00
3.429971702850178050e-01 3.090169899999999914e-01 0.000000000000000000e+00 0.000000000000000000e+00
3.772968873135196244e-01 6.279052000000000244e-02 0.000000000000000000e+00 0.000000000000000000e+00
4.115966043420214437e-01 -1.873813099999999954e-01 0.000000000000000000e+00 0.000000000000000000e+00
4.458963213705232076e-01 -4.257792899999999769e-01 0.000000000000000000e+00 0.000000000000000000e+00
4.801960383990250270e-01 -6.374239900000000514e-01 0.000000000000000000e+00 0.000000000000000000e+00
5.144957554275267908e-01 -8.090169900000000469e-01 0.000000000000000000e+00 0.000000000000000000e+00
5.487954724560286657e-01 -9.297764899999999555e-01 0.000000000000000000e+00 0.000000000000000000e+00
5.830951894845304295e-01 -9.921147000000000160e-01 0.000000000000000000e+00 0.000000000000000000e+00
6.173949065130321934e-01 -9.921147000000000160e-01 0.000000000000000000e+00 0.000000000000000000e+00
6.516946235415336242e-01 -9.297764899999999555e-01 0.000000000000000000e+00 0.000000000000000000e+00
6.859943405700354990e-01 -8.090169900000000469e-01 0.000000000000000000e+00 0.000000000000000000e+00
7.202940575985372629e-01 -6.374239900000000514e-01 0.000000000000000000e+00 0.000000000000000000e+00
7.545937746270390267e-01 -4.257792899999999769e-01 0.000000000000000000e+00 0.000000000000000000e+00
7.888934916555409016e-01 -1.873813099999999954e-01 0.000000000000000000e+00 0.000000000000000000e+00
8.231932086840426654e-01 6.279052000000000244e-02 0.000000000000000000e+00 0.000000000000000000e+00
8.574929257125444293e-01 3.090169899999999914e-01 0.000000000000000000e+00 0.000000000000000000e+00
8.917926427410463042e-01 5.358267899999999972e-01 0.000000000000000000e+00 0.000000000000000000e+00
9.260923597695480680e-01 7.289686300000000063e-01 0.000000000000000000e+00 0.000000000000000000e+00
9.603920767980498319e-01 8.763066800000000045e-01 0.000000000000000000e+00 0.000000000000000000e+00
9.946917938265517067e-01 9.685831599999999986e-01 0.000000000000000000e+00 0.000000000000000000e+00
1.028991510855053582e+00 1.000000000000000000e+00 0.000000000000000000e+00 0.000000000000000000e+00
1.063291227883555345e+00 9.685831599999999986e-01 0.000000000000000000e+00 0.000000000000000000e+00
1.097590944912056665e+00 8.763066800000000045e-01 0.000000000000000000e+00 0.000000000000000000e+00
1.131890661940558429e+00 7.289686300000000063e-01 0.000000000000000000e+00 0.000000000000000000e+00
1.166190378969060193e+00 5.358267899999999972e-01 0.000000000000000000e+00 0.000000000000000000e+00
1.200490095997562179e+00 3.090169899999999914e-01 0.000000000000000000e+00 0.000000000000000000e+00
1.234789813026063943e+00 6.279052000000000244e-02 0.000000000000000000e+00 0.000000000000000000e+00
1.269089530054565707e+00 -1.873813099999999954e-01 0.000000000000000000e+00 0.000000000000000000e+00
1.303389247083067470e+00 -4.257792899999999769e-01 0.000000000000000000e+00 0.000000000000000000e+00
1.337688964111569234e+00 -6.374239900000000514e-01 0.000000000000000000e+00 0.000000000000000000e+00
1.371988681140071220e+00 -8.090169900000000469e-01 0.000000000000000000e+00 0.000000000000000000e+00
1.406288398168572984e+00 -9.297764899999999555e-01 0.000000000000000000e+00 0.000000000000000000e+00
1.440588115197074748e+00 -9.921147000000000160e-01 0.000000000000000000e+00 0.000000000000000000e+00
1.474887832225576512e+00 -9.921147000000000160e-01 0.000000000000000000e+00 0.000000000000000000e+00
1.509187549254077831e+00 -9.297764899999999555e-01 0.000000000000000000e+00 0.000000000000000000e+00
1.543487266282579817e+00 -8.090169900000000469e-01 0.000000000000000000e+00 0.000000000000000000e+00
1.577786983311081581e+00 -6.374239900000000514e-01 0.000000000000000000e+00 0.000000000000000000e+00
1.612086700339583345e+00 -4.257792899999999769e-01 0.000000000000000000e+00 0.000000000000000000e+00
1.646386417368085109e+00 -1.873813099999999954e-01 0.000000000000000000e+00 0.000000000000000000e+00
1.680686134396586873e+00 6.279052000000000244e-02 0.000000000000000000e+00 0.000000000000000000e+00
1.714985851425088637e+00 3.090169899999999914e-01 0.000000000000000000e+00 0.000000000000000000e+00
-1.710797845536603079e+00 0.000000000000000000e+00 9.549150000000000693e-02 0.000000000000000000e+00
-1.668027899398187852e+00 0.000000000000000000e+00 3.454915000000000069e-01 0.000000000000000000e+00
-1.625257953259772847e+00 0.000000000000000000e+00 6.545085000000000486e-01 0.000000000000000000e+00
-1.582488007121357843e+00 0.000000000000000000e+00 9.045085000000000486e-01 0.000000000000000000e+00
-1.539718060982942838e+00 0.000000000000000000e+00 1.000000000000000000e+00 0.000000000000000000e+00
-1.496948114844527611e+00 0.000000000000000000e+00 9.045085000000000486e-01 0.000000000000000000e+00
-1.454178168706112606e+00 0.000000000000000000e+00 6.545085000000000486e-01 0.000000000000000000e+00
-1.411408222567697379e+00 0.000000000000000000e+00 3.454915000000000069e-01 0.000000000000000000e+00
-1.368638276429282374e+00 0.000000000000000000e+00 9.549150000000000693e-02 0.000000000000000000e+00
-1.325868330290867370e+00 0.000000000000000000e+00 0.000000000000000000e+00 0.000000000000000000e+00
-1.283098384152452143e+00 0.000000000000000000e+00 9.549150000000000693e-02 0.000000000000000000e+00
-1.240328438014037138e+00 0.000000000000000000e+00 3.454915000000000069e-01 0.000000000000000000e+00
-1.197558491875622133e+00 0.000000000000000000e+00 6.545085000000000486e-01 0.000000000000000000e+00
-1.154788545737207128e+00 0.000000000000000000e+00 9.045085000000000486e-01 0.000000000000000000e+00
-1.112018599598791901e+00 0.000000000000000000e+00 1.000000000000000000e+00 0.000000000000000000e+00
-1.069248653460376897e+00 0.000000000000000000e+00 9.045085000000000486e-01 0.000000000000000000e+00
-1.026478707321961670e+00 0.000000000000000000e+00 6.545085000000000486e-01 0.000000000000000000e+00
-9.837087611835466650e-01 0.000000000000000000e+00 3.454915000000000069e-01 0.000000000000000000e+00
-9.409388150451317712e-01 0.000000000000000000e+00 9.549150000000000693e-02 0.000000000000000000e+00
-8.981688689067166553e-01 0.000000000000000000e+00 0.000000000000000000e+00 0.000000000000000000e+00
-8.553989227683015395e-01 0.000000000000000000e+00 9.549150000000000693e-02 0.000000000000000000e+00
-8.126289766298864237e-01 0.000000000000000000e+00 3.454915000000000069e-01 0.000000000000000000e+00
-7.698590304914713078e-01 0.000000000000000000e+00 6.545085000000000486e-01 0.000000000000000000e+00
-7.270890843530563030e-01 0.000000000000000000e+00 9.045085000000000486e-01 0.000000000000000000e+00
-6.843191382146411872e-01 0.000000000000000000e+00 1.000000000000000000e+00 0.000000000000000000e+00
-6.415491920762260714e-01 0.000000000000000000e+00 9.045085000000000486e-01 0.000000000000000000e+00
-5.987792459378110665e-01 0.000000000000000000e+00 6.545085000000000486e-01 0.000000000000000000e+00
-5.560092997993959507e-01 0.000000000000000000e+00 3.454915000000000069e-01 0.000000000000000000e+00
-5.132393536609809459e-01 0.000000000000000000e+00 9.549150000000000693e-02 0.000000000000000000e+00
-4.704694075225658856e-01 0.000000000000000000e+00 0.000000000000000000e+00 0.000000000000000000e+00
-4.276994613841507697e-01 0.000000000000000000e+00 9.549150000000000693e-02 0.000000000000000000e+00
-3.849295152457356539e-01 0.000000000000000000e+00 3.454915000000000069e-01 0.000000000000000000e+00
-3.421595691073205381e-01 0.000000000000000000e+00 6.545085000000000486e-01 0.000000000000000000e+00
-2.993896229689055888e-01 0.000000000000000000e+00 9.045085000000000486e-01 0.000000000000000000e+00
-2.566196768304904730e-01 0.000000000000000000e+00 1.000000000000000000e+00 0.000000000000000000e+00
-2.138497306920753849e-01 0.000000000000000000e+00 9.045085000000000486e-01 0.000000000000000000e+00
-1.710797845536602690e-01 0.000000000000000000e+00 6.545085000000000486e-01 0.000000000000000000e+00
-1.283098384152451532e-01 0.000000000000000000e+00 3.454915000000000069e-01 0.000000000000000000e+00
-8.553989227683023167e-02 0.000000000000000000e+00 9.549150000000000693e-02 0.000000000000000000e+00
-4.276994613841511583e-02 0.000000000000000000e+00 0.000000000000000000e+00 0.000000000000000000e+00
0.000000000000000000e+00 0.000000000000000000e+00 9.549150000000000693e-02 0.000000000000000000e+00
4.276994613841492154e-02 0.000000000000000000e+00 3.454915000000000069e-01 0.000000000000000000e+00
8.553989227683023167e-02 0.000000000000000000e+00 6.545085000000000486e-01 0.000000000000000000e+00
1.283098384152451532e-01 0.000000000000000000e+00 9.045085000000000486e-01 0.000000000000000000e+00
1.710797845536604633e-01 0.000000000000000000e+00 1.000000000000000000e+00 0.000000000000000000e+00
2.138497306920753849e-01 0.000000000000000000e+00 9.045085000000000486e-01 0.000000000000000000e+00
2.566196768304903064e-01 0.000000000000000000e+00 6.545085000000000486e-01 0.000000000000000000e+00
2.993896229689055888e-01 0.000000000000000000e+00 3.454915000000000069e-01 0.000000000000000000e+00
3.421595691073205381e-01 0.000000000000000000e+00 9.549150000000000693e-02 0.000000000000000000e+00
3.849295152457358205e-01 0.000000000000000000e+00 0.000000000000000000e+00 0.000000000000000000e+00
4.276994613841507697e-01 0.000000000000000000e+00 9.549150000000000693e-02 0.000000000000000000e+00
4.704694075225656635e-01 0.000000000000000000e+00 3.454915000000000069e-01 0.000000000000000000e+00
5.132393536609809459e-01 0.000000000000000000e+00 6.545085000000000486e-01 0.000000000000000000e+00
5.560092997993959507e-01 0.000000000000000000e+00 9.045085000000000486e-01 0.000000000000000000e+00
5.987792459378111776e-01 0.000000000000000000e+00 1.000000000000000000e+00 0.000000000000000000e+00
6.415491920762260714e-01 0.000000000000000000e+00 9.045085000000000486e-01 0.000000000000000000e+00
6.843191382146410762e-01 0.000000000000000000e+00 6.545085000000000486e-01 0.000000000000000000e+00
7.270890843530563030e-01 0.000000000000000000e+00 3.454915000000000069e-01 0.000000000000000000e+00
7.698590304914713078e-01 0.000000000000000000e+00 9.549150000000000693e-02 0.000000000000000000e+00
8.126289766298865347e-01 0.000000000000000000e+00 0.000000000000000000e+00 0.000000000000000000e+00
8.553989227683015395e-01 0.000000000000000000e+00 9.549150000000000693e-02 0.000000000000000000e+00
8.981688689067164333e-01 0.000000000000000000e+00 3.454915000000000069e-01 0.000000000000000000e+00
9.409388150451317712e-01 0.000000000000000000e+00 6.545085000000000486e-01 0.000000000000000000e+00
9.837087611835466650e-01 0.000000000000000000e+00 9.045085000000000486e-01 0.000000000000000000e+00
1.026478707321961892e+00 0.000000000000000000e+00 1.000000000000000000e+00 0.000000000000000000e+00
1.069248653460376897e+00 0.000000000000000000e+00 9.045085000000000486e-01 0.000000000000000000e+00
1.112018599598791901e+00 0.000000000000000000e+00 6.545085000000000486e-01 0.000000000000000000e+00
1.154788545737207128e+00 0.000000000000000000e+00 3.454915000000000069e-01 0.000000000000000000e+00
1.197558491875622133e+00 0.000000000000000000e+00 9.549150000000000693e-02 0.000000000000000000e+00
1.240328438014037360e+00 0.000000000000000000e+00 0.000000000000000000e+00 0.000000000000000000e+00
1.283098384152452143e+00 0.000000000000000000e+00 9.549150000000000693e-02 0.000000000000000000e+00
1.325868330290867148e+00 0.000000000000000000e+00 3.454915000000000069e-01 0.000000000000000000e+00
1.368638276429282374e+00 0.000000000000000000e+00 6.545085000000000486e-01 0.000000000000000000e+00
1.411408222567697379e+00 0.000000000000000000e+00 9.045085000000000486e-01 0.000000000000000000e+00
1.454178168706112606e+00 0.000000000000000000e+00 1.000000000000000000e+00 0.000000000000000000e+00
1.496948114844527611e+00 0.000000000000000000e+00 9.045085000000000486e-01 0.000000000000000000e+00
1.539718060982942616e+00 0.000000000000000000e+00 6.545085000000000486e-01 0.000000000000000000e+00
1.582488007121357843e+00 0.000000000000000000e+00 3.454915000000000069e-01 0.000000000000000000e+00
1.625257953259772847e+00 0.000000000000000000e+00 9.549150000000000693e-02 0.000000000000000000e+00
1.668027899398188074e+00 0.000000000000000000e+00 0.000000000000000000e+00 0.000000000000000000e+00
1.710797845536603079e+00 0.000000000000000000e+00 9.549150000000000693e-02 0.000000000000000000e+00
-1.651445647689540497e+00 0.000000000000000000e+00 0.000000000000000000e+00 9.549150000000000693e-02
-1.486301082920586270e+00 0.000000000000000000e+00 0.000000000000000000e+00 1.002499999999999947e+00
-1.321156518151632264e+00 0.000000000000000000e+00 0.000000000000000000e+00 1.054915000000000019e-01
-1.156011953382678037e+00 0.000000000000000000e+00 0.000000000000000000e+00 6.770085000000000131e-01
-9.908673886137240316e-01 0.000000000000000000e+00 0.000000000000000000e+00 6.945084999999999731e-01
-8.257228238447700264e-01 0.000000000000000000e+00 0.000000000000000000e+00 1.579915000000000069e-01
-6.605782590758160211e-01 0.000000000000000000e+00 0.000000000000000000e+00 1.090000000000000080e+00
-4.954336943068619603e-01 0.000000000000000000e+00 0.000000000000000000e+00 2.179915000000000047e-01
-3.302891295379077330e-01 0.000000000000000000e+00 0.000000000000000000e+00 8.145084999999999686e-01
-1.651445647689536722e-01 0.000000000000000000e+00 0.000000000000000000e+00 8.570084999999999509e-01
3.666945963963865116e-16 0.000000000000000000e+00 0.000000000000000000e+00 3.454915000000000069e-01
1.651445647689545881e-01 0.000000000000000000e+00 0.000000000000000000e+00 1.302499999999999991e+00
3.302891295379084546e-01 0.000000000000000000e+00 0.000000000000000000e+00 4.554914999999999936e-01
4.954336943068626820e-01 0.000000000000000000e+00 0.000000000000000000e+00 1.077008500000000035e+00
6.605782590758165762e-01 0.000000000000000000e+00 0.000000000000000000e+00 1.144508499999999929e+00
8.257228238447706925e-01 0.000000000000000000e+00 0.000000000000000000e+00 6.579914999999999514e-01
9.908673886137249198e-01 0.000000000000000000e+00 0.000000000000000000e+00 1.639999999999999902e+00
1.156011953382678925e+00 0.000000000000000000e+00 0.000000000000000000e+00 8.179914999999999825e-01
1.321156518151633152e+00 0.000000000000000000e+00 0.000000000000000000e+00 1.464508499999999991e+00
1.486301082920586936e+00 0.000000000000000000e+00 0.000000000000000000e+00 1.557008500000000017e+00
1.651445647689541163e+00 0.000000000000000000e+00 0.000000000000000000e+00 1.095491500000000062e+00
