# step, loss_train, loss_test, metrics_test
0.000000000000000000e+00 3.301032781600952148e-01 7.910323143005371094e-01 1.748473882675170898e+00 1.394655704498291016e-01 nan nan 1.675910353660583496e+00 1.394655704498291016e-01 1.072128246719170175e+00 9.705211472539344575e-01 1.368091755495552064e+00
1.000000000000000000e+03 2.337271580472588539e-04 2.544728219509124756e-01 1.240926384925842285e-01 8.002915978431701660e-02 nan nan 1.298124343156814575e-01 8.002915978431701660e-02 6.471375552827995925e-01 1.146362310296927589e+00 3.807570945000312013e-01
2.000000000000000000e+03 3.120064793620258570e-04 5.760019272565841675e-02 4.016082733869552612e-02 9.241008013486862183e-02 nan nan 7.010624557733535767e-02 9.241008013486862183e-02 6.477265395417572957e-01 1.237149766681917118e+00 2.798131952915939302e-01
3.000000000000000000e+03 9.086575300898402929e-05 2.936164150014519691e-03 8.870546589605510235e-04 9.720762819051742554e-02 nan nan 2.199607715010643005e-02 9.720762819051742554e-02 6.470068357235231327e-01 1.273692825962505548e+00 1.567337251589613345e-01
4.000000000000000000e+03 1.001003183773718774e-04 2.382115460932254791e-03 6.401090067811310291e-04 8.927898108959197998e-02 nan nan 1.568259671330451965e-02 8.927898108959197998e-02 6.468261554305236860e-01 1.275081334482438322e+00 1.323423486319371678e-01
5.000000000000000000e+03 1.042127987602725625e-04 2.096441341564059258e-03 5.578548880293965340e-04 8.399417251348495483e-02 nan nan 1.384397875517606735e-02 8.399417251348495483e-02 6.468103379988127122e-01 1.275090151351519374e+00 1.243427061577135895e-01
6.000000000000000000e+03 1.027674443321302533e-04 2.164902165532112122e-03 8.830460719764232635e-04 8.004312962293624878e-02 nan nan 1.343101076781749725e-02 8.004312962293624878e-02 6.465754366958377242e-01 1.267431302033921625e+00 1.224740852128834989e-01
7.000000000000000000e+03 9.962210606317967176e-05 1.729601295664906502e-03 3.934028500225394964e-04 7.701440155506134033e-02 nan nan 1.274872664362192154e-02 7.701440155506134033e-02 6.468509072263985971e-01 1.274646296752184993e+00 1.193227515059296501e-01
8.000000000000000000e+03 9.233109449269250035e-05 1.602857955731451511e-03 3.452317323535680771e-04 7.459655404090881348e-02 nan nan 1.293194387108087540e-02 7.459655404090881348e-02 6.468507032973511706e-01 1.274246476776642378e+00 1.201771042164411774e-01
9.000000000000000000e+03 7.802010077284649014e-05 1.496630720794200897e-03 3.341477713547646999e-04 7.252335548400878906e-02 nan nan 1.227806787937879562e-02 7.252335548400878906e-02 6.468531643914755547e-01 1.273891448570998453e+00 1.170994459222244877e-01
1.000000000000000000e+04 6.568866956513375044e-05 1.753257820382714272e-03 5.949551123194396496e-04 7.065971940755844116e-02 nan nan 1.213672757148742676e-02 7.065971940755844116e-02 6.481841869323602401e-01 1.281333171855105757e+00 1.164234965080872541e-01
1.100000000000000000e+04 5.748348849010653794e-05 1.181068364530801773e-03 3.076111024711281061e-04 6.912522017955780029e-02 nan nan 1.083197072148323059e-02 6.912522017955780029e-02 6.468509743714401239e-01 1.273397411703934612e+00 1.099875691637017955e-01
1.200000000000000000e+04 5.489464820129796863e-05 1.060631242580711842e-03 2.944480511359870434e-04 6.790097057819366455e-02 nan nan 1.015176251530647278e-02 6.790097057819366455e-02 6.471199249665998687e-01 1.274258849112084313e+00 1.064781660452821105e-01
1.300000000000000000e+04 5.838184733875095844e-05 9.909600485116243362e-04 2.926194574683904648e-04 6.696729362010955811e-02 nan nan 9.959200397133827209e-03 6.696729362010955811e-02 6.473192309420432444e-01 1.275631655964491351e+00 1.054634776955254843e-01
1.400000000000000000e+04 6.155169830890372396e-05 8.646541973575949669e-04 2.511337515898048878e-04 6.620715558528900146e-02 nan nan 9.746948257088661194e-03 6.620715558528900146e-02 6.469379530655283705e-01 1.273486148673955709e+00 1.043336001738492114e-01
1.500000000000000000e+04 6.357297388603910804e-05 8.085319423116743565e-04 2.362201485084369779e-04 6.557685881853103638e-02 nan nan 9.570422582328319550e-03 6.557685881853103638e-02 6.468923511914396185e-01 1.273193693824819839e+00 1.033844896161648097e-01
1.600000000000000000e+04 6.517204747069627047e-05 7.744309259578585625e-04 2.469873870722949505e-04 6.502458453178405762e-02 nan nan 9.333481080830097198e-03 6.502458453178405762e-02 6.466433518387766366e-01 1.272056174950072949e+00 1.020966925536945236e-01
1.700000000000000000e+04 6.560397014254704118e-05 7.441069465130567551e-04 2.202376927016302943e-04 6.455551087856292725e-02 nan nan 9.002496488392353058e-03 6.455551087856292725e-02 6.468828837911487772e-01 1.273025437421470452e+00 1.002700714327848519e-01
1.800000000000000000e+04 6.585347728105261922e-05 7.429070537909865379e-04 2.161841548513621092e-04 6.407824903726577759e-02 nan nan 8.799514733254909515e-03 6.407824903726577759e-02 6.469230336784409507e-01 1.273326804671294443e+00 9.913321561283275352e-02
1.900000000000000000e+04 6.581111665582284331e-05 7.569025619886815548e-04 2.180574520025402308e-04 6.342713534832000732e-02 nan nan 8.706600405275821686e-03 6.342713534832000732e-02 6.469485367906907536e-01 1.273369072242924060e+00 9.860845018864948519e-02
2.000000000000000000e+04 6.739460513927042484e-05 7.285520550794899464e-04 2.131155633833259344e-04 6.282366812229156494e-02 nan nan 8.665261790156364441e-03 6.282366812229156494e-02 6.468765326226046941e-01 1.272874193896246897e+00 9.837408070753198008e-02
2.100000000000000000e+04 6.826134631410241127e-05 7.169722230173647404e-04 2.045991859631612897e-04 6.251612305641174316e-02 nan nan 8.533257059752941132e-03 6.251612305641174316e-02 6.467505483373007236e-01 1.272797929665937078e+00 9.762190113688819226e-02
2.200000000000000000e+04 6.864039460197091103e-05 7.006433443166315556e-04 2.032436896115541458e-04 6.227926537394523621e-02 nan nan 8.431267924606800079e-03 6.227926537394523621e-02 6.468646493818684950e-01 1.272727117469199198e+00 9.703675919107079828e-02
2.300000000000000000e+04 6.894741090945899487e-05 6.862406153231859207e-04 1.985251728910952806e-04 6.208379939198493958e-02 nan nan 8.304078131914138794e-03 6.208379939198493958e-02 6.468714464018060495e-01 1.272821197780157787e+00 9.630205695915103337e-02
2.400000000000000000e+04 6.929125083843246102e-05 6.704131374135613441e-04 1.948114222614094615e-04 6.191537901759147644e-02 nan nan 8.173231035470962524e-03 6.191537901759147644e-02 6.468621865295109963e-01 1.272807543467800340e+00 9.554033215320038852e-02
2.500000000000000000e+04 6.956444121897220612e-05 6.544177886098623276e-04 1.920037902891635895e-04 6.177020817995071411e-02 nan nan 8.049815893173217773e-03 6.177020817995071411e-02 6.468655056557276462e-01 1.272805235059594642e+00 9.481626058175372795e-02
2.600000000000000000e+04 7.496370380977168679e-05 1.008645747788250446e-03 5.892753251828253269e-04 6.163933873176574707e-02 nan nan 8.729692548513412476e-03 6.163933873176574707e-02 6.456965674915516873e-01 1.266026281805513909e+00 9.873913532105742241e-02
2.700000000000000000e+04 6.981350452406331897e-05 6.342477281577885151e-04 1.902608637465164065e-04 6.152895092964172363e-02 nan nan 7.906994782388210297e-03 6.152895092964172363e-02 6.470290796323483473e-01 1.273002541738166293e+00 9.397137051016905829e-02
2.800000000000000000e+04 7.033361180219799280e-05 6.215413450263440609e-04 1.869437692221254110e-04 6.143431738018989563e-02 nan nan 7.845504209399223328e-03 6.143431738018989563e-02 6.468919302705673502e-01 1.272708013477974465e+00 9.360526410612603210e-02
2.900000000000000000e+04 7.028840627754107118e-05 6.152241840027272701e-04 1.846565428422763944e-04 6.134475395083427429e-02 nan nan 7.748469244688749313e-03 6.134475395083427429e-02 6.469032711085211940e-01 1.272979632337587708e+00 9.302459633056567312e-02
3.000000000000000000e+04 7.034673762973397970e-05 6.113091949373483658e-04 1.837964664446190000e-04 6.125994026660919189e-02 nan nan 7.692325394600629807e-03 6.125994026660919189e-02 6.468747190164164662e-01 1.272957652201822887e+00 9.268696768919362783e-02
3.100000000000000000e+04 6.995286094024777412e-05 6.304978742264211178e-04 1.864536025095731020e-04 6.117653846740722656e-02 nan nan 7.670387625694274902e-03 6.117653846740722656e-02 6.470172585612007365e-01 1.273981212934394591e+00 9.255470588768850704e-02
3.200000000000000000e+04 7.029662810964509845e-05 6.127259111963212490e-04 1.846899976953864098e-04 6.109219044446945190e-02 nan nan 7.628218736499547958e-03 6.109219044446945190e-02 6.468438179448060543e-01 1.272786449632429262e+00 9.229993880042806909e-02
3.300000000000000000e+04 6.921528984094038606e-05 6.694197654724121094e-04 2.126531617250293493e-04 6.099135801196098328e-02 nan nan 7.577910553663969040e-03 6.099135801196098328e-02 6.471236386853009837e-01 1.275116487140041333e+00 9.199507475809430568e-02
3.400000000000000000e+04 6.923723412910476327e-05 6.423675804398953915e-04 1.920248614624142647e-04 6.082391738891601562e-02 nan nan 7.635452784597873688e-03 6.082391738891601562e-02 6.468672316920408560e-01 1.272877960354269922e+00 9.234369488765915845e-02
3.500000000000000000e+04 6.901122833369299769e-05 6.877269479446113110e-04 2.386964333709329367e-04 6.037422269582748413e-02 nan nan 7.774728350341320038e-03 6.037422269582748413e-02 6.466325752695456508e-01 1.271005706296303384e+00 9.318209482621163386e-02
3.600000000000000000e+04 6.887821655254811049e-05 6.608372204937040806e-04 2.043136337306350470e-04 6.008120253682136536e-02 nan nan 7.670215331017971039e-03 6.008120253682136536e-02 6.468993219945339268e-01 1.273416568692470552e+00 9.255366447748190895e-02
3.700000000000000000e+04 6.812050560256466269e-05 1.008953549899160862e-03 4.550340527202934027e-04 6.000109389424324036e-02 nan nan 7.845509797334671021e-03 6.000109389424324036e-02 6.472082185433669643e-01 1.279270855199388324e+00 9.360529369885221829e-02
3.800000000000000000e+04 6.913547258591279387e-05 6.609667325392365456e-04 2.055220975307747722e-04 5.995357781648635864e-02 nan nan 7.702247239649295807e-03 5.995357781648635864e-02 6.468640060254027269e-01 1.272937426731471700e+00 9.274672293982756666e-02
3.900000000000000000e+04 6.921773456269875169e-05 6.620242493227124214e-04 2.042646519839763641e-04 5.991379171609878540e-02 nan nan 7.702254224568605423e-03 5.991379171609878540e-02 6.468855550446100944e-01 1.273074165592774643e+00 9.274676136725960862e-02
4.000000000000000000e+04 6.798646063543856144e-05 7.113122846931219101e-04 2.275605511385947466e-04 5.987298116087913513e-02 nan nan 7.732963655143976212e-03 5.987298116087913513e-02 6.469606679364241497e-01 1.274848403365862248e+00 9.293147562488027202e-02
4.100000000000000000e+04 6.928300717845559120e-05 6.548011442646384239e-04 2.039083337876945734e-04 5.984745174646377563e-02 nan nan 7.668318692594766617e-03 5.984745174646377563e-02 6.468564439228197127e-01 1.272880939108481435e+00 9.254222422088856370e-02
4.200000000000000000e+04 6.782876153010874987e-05 8.300773915834724903e-04 3.187571419402956963e-04 5.981523171067237854e-02 nan nan 7.750396616756916046e-03 5.981523171067237854e-02 6.468252768687985377e-01 1.277005750530863848e+00 9.303616529342681463e-02
4.300000000000000000e+04 6.959613529033958912e-05 6.609050906263291836e-04 2.182451717089861631e-04 5.978791043162345886e-02 nan nan 7.761338260024785995e-03 5.978791043162345886e-02 6.467915605267305912e-01 1.271558746723857602e+00 9.310181466422708108e-02
4.400000000000000000e+04 6.736841169185936451e-05 9.232714655809104443e-04 5.574222304858267307e-04 5.976763367652893066e-02 nan nan 8.284613490104675293e-03 5.976763367652893066e-02 6.478177389894368421e-01 1.267181064130889379e+00 9.618912613892190155e-02
4.500000000000000000e+04 6.956029392313212156e-05 6.448188214562833309e-04 2.009575982810929418e-04 5.973188951611518860e-02 nan nan 7.665681652724742889e-03 5.973188951611518860e-02 6.468549140613045756e-01 1.272964086058681499e+00 9.252630816580376116e-02
4.600000000000000000e+04 6.959245365578681231e-05 6.418871926143765450e-04 2.004137786570936441e-04 5.970592796802520752e-02 nan nan 7.678928785026073456e-03 5.970592796802520752e-02 6.468615731039711880e-01 1.272963513525416035e+00 9.260622071430492375e-02
4.700000000000000000e+04 6.796608795411884785e-05 6.821040296927094460e-04 2.642669132910668850e-04 5.967854708433151245e-02 nan nan 7.885230705142021179e-03 5.967854708433151245e-02 6.471394475833978088e-01 1.270309989769948800e+00 9.384195513019760737e-02
4.800000000000000000e+04 7.085854304023087025e-05 8.124278974719345570e-04 3.920429444406181574e-04 5.965895950794219971e-02 nan nan 8.249481208622455597e-03 5.965895950794219971e-02 6.460083251526557158e-01 1.268769339322668221e+00 9.598495099429887878e-02
4.900000000000000000e+04 6.998824392212554812e-05 6.356280064210295677e-04 1.978907675947993994e-04 5.962803587317466736e-02 nan nan 7.808122318238019943e-03 5.962803587317466736e-02 6.468688159815332295e-01 1.273069102837332434e+00 9.338199233387631248e-02
5.000000000000000000e+04 6.664792454103007913e-05 7.885338854975998402e-04 3.184029483236372471e-04 5.960223823785781860e-02 nan nan 7.957135327160358429e-03 5.960223823785781860e-02 6.475215136460756860e-01 1.276631474840267177e+00 9.426884784127047279e-02
5.100000000000000000e+04 7.176512735895812511e-05 6.497602444142103195e-04 2.896161749958992004e-04 5.958976969122886658e-02 nan nan 7.877691648900508881e-03 5.958976969122886658e-02 6.493762124997393137e-01 1.274728780787173887e+00 9.379708599670334712e-02
5.200000000000000000e+04 7.025419472483918071e-05 6.277597858570516109e-04 1.955955231096595526e-04 5.954663828015327454e-02 nan nan 8.064168505370616913e-03 5.954663828015327454e-02 6.468392791113452001e-01 1.273021475224707544e+00 9.490075005987372303e-02
5.300000000000000000e+04 7.052299770293757319e-05 6.255576154217123985e-04 1.966188865480944514e-04 5.951447784900665283e-02 nan nan 8.223629556596279144e-03 5.951447784900665283e-02 6.469791638651243293e-01 1.273058753448983449e+00 9.583444302189839115e-02
5.400000000000000000e+04 7.055772584863007069e-05 6.240559159778058529e-04 1.932077138917520642e-04 5.948096513748168945e-02 nan nan 8.375580422580242157e-03 5.948096513748168945e-02 6.468184571224743218e-01 1.273126881557573586e+00 9.671577667074666984e-02
5.500000000000000000e+04 7.616388757014647126e-05 2.285539405420422554e-03 1.351438229903578758e-03 5.943512171506881714e-02 nan nan 1.004007831215858459e-02 5.943512171506881714e-02 6.454486243275584512e-01 1.286826515395820270e+00 1.058908355979090027e-01
5.600000000000000000e+04 7.114925392670556903e-05 6.198729388415813446e-04 1.920363429235294461e-04 5.939131602644920349e-02 nan nan 8.892883546650409698e-03 5.939131602644920349e-02 6.468221371744603543e-01 1.273032178288285632e+00 9.965776581641432041e-02
5.700000000000000000e+04 7.143583206925541162e-05 6.179857300594449043e-04 1.909452548716217279e-04 5.933017656207084656e-02 nan nan 9.236803278326988220e-03 5.933017656207084656e-02 6.468225971047685263e-01 1.273051445399872028e+00 1.015665453174391525e-01
5.800000000000000000e+04 7.598689990118145943e-05 1.335520297288894653e-03 6.258453358896076679e-04 5.924497917294502258e-02 nan nan 1.021702960133552551e-02 5.924497917294502258e-02 6.457277465047415177e-01 1.281817492435803452e+00 1.068199024623483762e-01
5.900000000000000000e+04 7.211651973193511367e-05 6.155212176963686943e-04 1.869895204436033964e-04 5.913899093866348267e-02 nan nan 1.001566275954246521e-02 5.913899093866348267e-02 6.468080418099888540e-01 1.273037995854263693e+00 1.057620143725754996e-01
6.000000000000000000e+04 7.258703408297151327e-05 6.177450995892286301e-04 1.845681399572640657e-04 5.903251096606254578e-02 nan nan 1.000345777720212936e-02 5.903251096606254578e-02 6.468065533467519668e-01 1.272886488728583343e+00 1.056975470575653858e-01
6.100000000000000000e+04 7.526326953666284680e-05 7.240994018502533436e-04 2.174837281927466393e-04 5.898822471499443054e-02 nan nan 9.841850027441978455e-03 5.898822471499443054e-02 6.457723782597347695e-01 1.275942342895688641e+00 1.048402927246209898e-01
6.200000000000000000e+04 7.030514825601130724e-05 1.007567974738776684e-03 4.109305737074464560e-04 5.896946415305137634e-02 nan nan 9.768298827111721039e-03 5.896946415305137634e-02 6.469548971472011134e-01 1.278681655979329257e+00 1.044478078718695524e-01
6.300000000000000000e+04 7.259217818500474095e-05 6.158172036521136761e-04 1.842372585088014603e-04 5.894332379102706909e-02 nan nan 9.522593580186367035e-03 5.894332379102706909e-02 6.468129648964953127e-01 1.272795817740986157e+00 1.031258343290426954e-01
6.400000000000000000e+04 7.246140739880502224e-05 6.164945662021636963e-04 1.833245914895087481e-04 5.892572551965713501e-02 nan nan 9.485230781137943268e-03 5.892572551965713501e-02 6.468086591771124993e-01 1.272966445931825064e+00 1.029233199785659914e-01
6.500000000000000000e+04 7.191178156062960625e-05 6.142306956462562084e-04 1.830982218962162733e-04 5.891154706478118896e-02 nan nan 9.456527419388294220e-03 5.891154706478118896e-02 6.468256567388723788e-01 1.272797455104045072e+00 1.027674772837898209e-01
6.600000000000000000e+04 7.097543857526034117e-05 6.132963462732732296e-04 1.978367508854717016e-04 5.889869853854179382e-02 nan nan 9.452190250158309937e-03 5.889869853854179382e-02 6.471667774426822506e-01 1.271821724532614883e+00 1.027439055388123662e-01
6.700000000000000000e+04 7.141342211980372667e-05 6.132009439170360565e-04 1.823362399591132998e-04 5.888531729578971863e-02 nan nan 9.437042288482189178e-03 5.888531729578971863e-02 6.468335373390668996e-01 1.272792446704579916e+00 1.026615421628029323e-01
6.800000000000000000e+04 7.318449934246018529e-05 6.301770335994660854e-04 1.753349060891196132e-04 5.886843055486679077e-02 nan nan 9.568716399371623993e-03 5.886843055486679077e-02 6.462337723100662901e-01 1.272670033814552903e+00 1.033752712632072246e-01
6.900000000000000000e+04 6.996506999712437391e-05 6.175400339998304844e-04 2.025771245826035738e-04 5.885937809944152832e-02 nan nan 9.501767344772815704e-03 5.885937809944152832e-02 6.474106865498640007e-01 1.271477930633120312e+00 1.030129995807105986e-01
7.000000000000000000e+04 7.091279985615983605e-05 6.124930805526673794e-04 1.817267475416883826e-04 5.885142832994461060e-02 nan nan 9.439126588404178619e-03 5.885142832994461060e-02 6.468453766378430281e-01 1.272782801973608935e+00 1.026728816401503569e-01
7.100000000000000000e+04 7.089610153343528509e-05 6.126810330897569656e-04 1.817395241232588887e-04 5.884036049246788025e-02 nan nan 9.447284974157810211e-03 5.884036049246788025e-02 6.468446087815451495e-01 1.272786849556982292e+00 1.027172466418401764e-01
7.200000000000000000e+04 7.080272916937246919e-05 6.124946521595120430e-04 1.817920274334028363e-04 5.883004888892173767e-02 nan nan 9.452940896153450012e-03 5.883004888892173767e-02 6.468500650779079875e-01 1.272754004400754591e+00 1.027479854104285800e-01
7.300000000000000000e+04 7.073437154758721590e-05 6.127057131379842758e-04 1.814111892599612474e-04 5.881994590163230896e-02 nan nan 9.459245018661022186e-03 5.881994590163230896e-02 6.468371280955638181e-01 1.272766890811248830e+00 1.027822428743956490e-01
7.400000000000000000e+04 7.082345109665766358e-05 6.158703472465276718e-04 1.794765994418412447e-04 5.880855768918991089e-02 nan nan 9.486011229455471039e-03 5.880855768918991089e-02 6.467214773299923003e-01 1.272759260680354831e+00 1.029275547652083733e-01
7.500000000000000000e+04 7.047061808407306671e-05 6.123093771748244762e-04 1.812501286622136831e-04 5.880031362175941467e-02 nan nan 9.467030875384807587e-03 5.880031362175941467e-02 6.468561677578525959e-01 1.272764517193179845e+00 1.028245355343554712e-01
7.600000000000000000e+04 7.067884871503338218e-05 6.236856570467352867e-04 1.780626043910160661e-04 5.878677964210510254e-02 nan nan 9.512326680123806000e-03 5.878677964210510254e-02 6.467239815333551967e-01 1.273225111183301284e+00 1.030702222634833493e-01
7.700000000000000000e+04 7.021614874247461557e-05 6.120331818237900734e-04 1.807352382456883788e-04 5.878131464123725891e-02 nan nan 9.475370869040489197e-03 5.878131464123725891e-02 6.468578268031576206e-01 1.272782566455473496e+00 1.028698134654229129e-01
7.800000000000000000e+04 6.985634536249563098e-05 1.656891545280814171e-03 9.118028101511299610e-04 5.877255648374557495e-02 nan nan 1.008447073400020599e-02 5.877255648374557495e-02 6.481847328236384209e-01 1.282585614957644671e+00 1.061246810906830707e-01
7.900000000000000000e+04 6.979637691983953118e-05 6.139337783679366112e-04 1.843630598159506917e-04 5.876009538769721985e-02 nan nan 9.539304301142692566e-03 5.876009538769721985e-02 6.469136722626813718e-01 1.272306919052894170e+00 1.032162809581615714e-01
8.000000000000000000e+04 6.995560397626832128e-05 6.111766560934484005e-04 1.802071055863052607e-04 5.875381454825401306e-02 nan nan 9.497200138866901398e-03 5.875381454825401306e-02 6.468622907439405267e-01 1.272793816274666590e+00 1.029882418311660053e-01
