# step, loss_train, loss_test, metrics_test
0.000000000000000000e+00 4.948799908161163330e-01 3.719443082809448242e-01 1.531618237495422363e+00 4.866200089454650879e-01 nan nan 1.580739736557006836e+00 4.866200089454650879e-01 1.001313809731808613e+00 1.016133680755268553e+00 1.328453058406096288e+00
1.000000000000000000e+03 4.861126840114593506e-01 1.304734051227569580e-01 6.064936146140098572e-02 3.352085649967193604e-01 nan nan 1.538282483816146851e-01 3.352085649967193604e-01 1.011076080587156811e+00 6.117888514132644451e-01 4.144136538836602490e-01
2.000000000000000000e+03 4.686262607574462891e-01 1.256794184446334839e-01 2.163007110357284546e-02 2.396369129419326782e-01 nan nan 2.089672982692718506e-01 2.396369129419326782e-01 1.031213175141795002e+00 6.031428670991098029e-01 4.830089654853249592e-01
3.000000000000000000e+03 4.211083948612213135e-01 1.271943897008895874e-01 2.774802409112453461e-02 1.805516928434371948e-01 nan nan 2.464572638273239136e-01 1.805516928434371948e-01 1.034334565563014285e+00 6.007467974425076962e-01 5.245499462179052941e-01
4.000000000000000000e+03 3.592632710933685303e-01 1.316995918750762939e-01 3.563001751899719238e-02 1.420020908117294312e-01 nan nan 2.560004293918609619e-01 1.420020908117294312e-01 1.067654581746631637e+00 6.109318584582444922e-01 5.346091640025281144e-01
5.000000000000000000e+03 2.961470186710357666e-01 1.288599073886871338e-01 1.445136591792106628e-02 1.168352663516998291e-01 nan nan 2.317228317260742188e-01 1.168352663516998291e-01 1.127824924386101380e+00 6.052131651371366328e-01 5.086282173113559901e-01
6.000000000000000000e+03 2.777011394500732422e-01 1.241625249385833740e-01 6.345905829221010208e-03 9.946434199810028076e-02 nan nan 2.332263439893722534e-01 9.946434199810028076e-02 1.153753452675512436e+00 6.199897435072716512e-01 5.102756295707536749e-01
7.000000000000000000e+03 2.873421907424926758e-01 1.249699890613555908e-01 5.929205100983381271e-03 8.402281254529953003e-02 nan nan 2.029968202114105225e-01 8.402281254529953003e-02 1.111380223647540522e+00 6.079637394505993386e-01 4.760588556904944979e-01
8.000000000000000000e+03 2.788019180297851562e-01 1.214037016034126282e-01 2.909806556999683380e-03 8.127090334892272949e-02 nan nan 2.261527478694915771e-01 8.127090334892272949e-02 1.140423224388392498e+00 6.016627695554248589e-01 5.024779132674497273e-01
9.000000000000000000e+03 2.767690420150756836e-01 1.153966486454010010e-01 1.764532527886331081e-03 7.786861807107925415e-02 nan nan 2.492143064737319946e-01 7.786861807107925415e-02 1.142528459495672166e+00 5.955395199405532081e-01 5.274757719583043070e-01
1.000000000000000000e+04 2.752297222614288330e-01 1.017757281661033630e-01 1.181864645332098007e-03 7.583358883857727051e-02 nan nan 3.631324768066406250e-01 7.583358883857727051e-02 1.139914876473899552e+00 5.770223713174095215e-01 6.367201330954274097e-01
1.100000000000000000e+04 2.744255959987640381e-01 9.370849281549453735e-02 7.212931523099541664e-04 7.274124026298522949e-02 nan nan 4.427823722362518311e-01 7.274124026298522949e-02 1.144565806617867443e+00 5.732826301169696714e-01 7.030904447621166842e-01
1.200000000000000000e+04 2.744338214397430420e-01 8.971051871776580811e-02 1.839600852690637112e-03 6.884223967790603638e-02 nan nan 4.953446090221405029e-01 6.884223967790603638e-02 1.152047812854401165e+00 5.695230196080208751e-01 7.436520283675596144e-01
1.300000000000000000e+04 2.740390598773956299e-01 8.589299023151397705e-02 2.399973571300506592e-03 6.482133269309997559e-02 nan nan 5.199428200721740723e-01 6.482133269309997559e-02 1.141440291775761784e+00 5.580064946213445509e-01 7.618927681757595716e-01
1.400000000000000000e+04 2.743099927902221680e-01 8.076914399862289429e-02 3.506172215566039085e-03 6.079551950097084045e-02 nan nan 5.746123790740966797e-01 6.079551950097084045e-02 1.155600774541474918e+00 5.575033580024363333e-01 8.009465338342961482e-01
1.500000000000000000e+04 2.739067077636718750e-01 7.622078061103820801e-02 2.628883114084601402e-03 5.654974281787872314e-02 nan nan 5.823906064033508301e-01 5.654974281787872314e-02 1.154191846252737630e+00 5.590474863986771847e-01 8.063493390402862726e-01
1.600000000000000000e+04 2.770946323871612549e-01 7.628726959228515625e-02 8.761979406699538231e-04 5.348692461848258972e-02 nan nan 5.458899736404418945e-01 5.348692461848258972e-02 1.132259836769316408e+00 5.567583413407771742e-01 7.806719866190271473e-01
1.700000000000000000e+04 2.758822441101074219e-01 7.265457510948181152e-02 5.804746760986745358e-04 5.343634635210037231e-02 nan nan 5.626307129859924316e-01 5.343634635210037231e-02 1.143901606290742112e+00 5.521891319732669112e-01 7.925519978230016749e-01
1.800000000000000000e+04 2.750527262687683105e-01 7.038678973913192749e-02 1.501468475908041000e-03 5.277061089873313904e-02 nan nan 5.551012158393859863e-01 5.277061089873313904e-02 1.142704521282564833e+00 5.508600285770691718e-01 7.872308830380445599e-01
1.900000000000000000e+04 2.744700610637664795e-01 6.922600418329238892e-02 2.162399934604763985e-03 5.167347937822341919e-02 nan nan 5.584905147552490234e-01 5.167347937822341919e-02 1.151686421194955789e+00 5.318318796286681804e-01 7.896305534889312971e-01
2.000000000000000000e+04 2.739663720130920410e-01 6.695750355720520020e-02 1.441530534066259861e-03 5.019627511501312256e-02 nan nan 5.197128653526306152e-01 5.019627511501312256e-02 1.144039490641560963e+00 5.416759957521948277e-01 7.617242330163126462e-01
2.100000000000000000e+04 2.739388346672058105e-01 6.516835093498229980e-02 2.150383777916431427e-03 4.836364835500717163e-02 nan nan 5.178635120391845703e-01 4.836364835500717163e-02 1.152900529303396482e+00 5.447872224377756645e-01 7.603677499166664466e-01
2.200000000000000000e+04 2.734676897525787354e-01 6.258921325206756592e-02 1.587501261383295059e-03 4.619271308183670044e-02 nan nan 4.692321419715881348e-01 4.619271308183670044e-02 1.144197519978637168e+00 5.433050826506302666e-01 7.237855914018208603e-01
2.300000000000000000e+04 2.739753723144531250e-01 6.013116240501403809e-02 3.735517617315053940e-03 4.359198361635208130e-02 nan nan 4.683562219142913818e-01 4.359198361635208130e-02 1.153398401462004674e+00 5.417229028087506837e-01 7.231097248399507293e-01
2.400000000000000000e+04 2.729488313198089600e-01 5.854040384292602539e-02 4.176063521299511194e-04 4.060652107000350952e-02 nan nan 4.176428616046905518e-01 4.060652107000350952e-02 1.145255593503563096e+00 5.355851484868516810e-01 6.828394081406191640e-01
2.500000000000000000e+04 2.047212123870849609e+00 6.194006800651550293e-01 2.271023035049438477e+00 3.579206392168998718e-02 nan nan 2.085644245147705078e+00 3.579206392168998718e-02 1.835464748107501931e+00 1.188180089561278852e+00 1.525935378603172854e+00
2.600000000000000000e+04 2.756035923957824707e-01 5.636027827858924866e-02 3.328514285385608673e-04 3.658626601099967957e-02 nan nan 3.630138635635375977e-01 3.658626601099967957e-02 1.139385828852905069e+00 5.369607304626944355e-01 6.366161510646646260e-01
2.700000000000000000e+04 2.745656073093414307e-01 5.144636705517768860e-02 2.118817646987736225e-04 3.677870333194732666e-02 nan nan 3.700210750102996826e-01 3.677870333194732666e-02 1.143296586366787215e+00 5.316109730762806906e-01 6.427310152976812851e-01
2.800000000000000000e+04 2.742518186569213867e-01 4.410763084888458252e-02 1.792867784388363361e-03 3.695151954889297485e-02 nan nan 3.791458904743194580e-01 3.695151954889297485e-02 1.150369454366915400e+00 5.199946144366414114e-01 6.506077242754706447e-01
2.900000000000000000e+04 2.734861969947814941e-01 3.734044730663299561e-02 7.990307640284299850e-04 3.659200668334960938e-02 nan nan 3.442026078701019287e-01 3.659200668334960938e-02 1.150612693278862730e+00 4.945167775642238528e-01 6.199021173885741476e-01
3.000000000000000000e+04 2.732174694538116455e-01 2.563535049557685852e-02 2.509830228518694639e-04 3.601027652621269226e-02 nan nan 3.072493672370910645e-01 3.601027652621269226e-02 1.145024462295771484e+00 5.120761746655835278e-01 5.856815119123979230e-01
3.100000000000000000e+04 2.731660306453704834e-01 8.506606332957744598e-03 4.469636187423020601e-04 3.594960644841194153e-02 nan nan 2.672701179981231689e-01 3.594960644841194153e-02 1.151384854775892030e+00 4.227799658949050743e-01 5.462497275504046845e-01
3.200000000000000000e+04 2.729616165161132812e-01 3.083365503698587418e-03 1.297239214181900024e-04 3.426950797438621521e-02 nan nan 2.327494323253631592e-01 3.426950797438621521e-02 1.144587089289986093e+00 4.934705217715423253e-01 5.097536473608296204e-01
3.300000000000000000e+04 2.728301584720611572e-01 2.054837299510836601e-03 5.363301897887140512e-05 3.241263329982757568e-02 nan nan 2.004374563694000244e-01 3.241263329982757568e-02 1.146053083993696875e+00 4.702438399738305685e-01 4.730482900953145720e-01
3.400000000000000000e+04 2.727241218090057373e-01 2.033684402704238892e-03 9.768880408955737948e-05 3.049677051603794098e-02 nan nan 1.706615388393402100e-01 3.049677051603794098e-02 1.147532204702810033e+00 4.712364494297565654e-01 4.364996019377438974e-01
3.500000000000000000e+04 2.726115882396697998e-01 2.017318038269877434e-03 1.104146067518740892e-04 2.861530147492885590e-02 nan nan 1.479353904724121094e-01 2.861530147492885590e-02 1.146263451195603578e+00 4.893389086118278275e-01 4.063984836957296176e-01
3.600000000000000000e+04 2.937371134757995605e-01 3.810283029451966286e-03 3.491850802674889565e-03 2.653596363961696625e-02 nan nan 7.134850323200225830e-02 2.653596363961696625e-02 1.105475808437643703e+00 4.797706827490154091e-01 2.822334437998321732e-01
3.700000000000000000e+04 2.766284346580505371e-01 1.733799115754663944e-03 7.983197428984567523e-05 2.660153992474079132e-02 nan nan 7.822974771261215210e-02 2.660153992474079132e-02 1.136289603529132552e+00 4.711502607993499070e-01 2.955302931129718536e-01
3.800000000000000000e+04 2.750352621078491211e-01 1.445449772290885448e-03 4.827084558201022446e-05 2.625137940049171448e-02 nan nan 7.929760962724685669e-02 2.625137940049171448e-02 1.140288030953052978e+00 4.713635305406084219e-01 2.975404911040038236e-01
3.900000000000000000e+04 2.738580703735351562e-01 1.329071936197578907e-03 3.502589606796391308e-05 2.589895017445087433e-02 nan nan 7.699406147003173828e-02 2.589895017445087433e-02 1.143225719072420654e+00 4.715550344933985838e-01 2.931869567162830315e-01
4.000000000000000000e+04 2.734435498714447021e-01 1.311851432546973228e-03 1.456449972465634346e-04 2.543253637850284576e-02 nan nan 6.945325434207916260e-02 2.543253637850284576e-02 1.140730374117211898e+00 4.699797431813055315e-01 2.784596921397577973e-01
4.100000000000000000e+04 2.729445993900299072e-01 1.155700767412781715e-03 4.294025711715221405e-05 2.489648386836051941e-02 nan nan 6.452100723981857300e-02 2.489648386836051941e-02 1.147638550452094508e+00 4.775087639003017248e-01 2.683901753244373745e-01
4.200000000000000000e+04 2.727420926094055176e-01 9.687190176919102669e-04 3.757938247872516513e-05 2.425792999565601349e-02 nan nan 5.825331062078475952e-02 2.425792999565601349e-02 1.147003901031634410e+00 4.698092216064204685e-01 2.550212352017553474e-01
4.300000000000000000e+04 2.725575864315032959e-01 8.980815764516592026e-04 3.703011316247284412e-05 2.355576492846012115e-02 nan nan 5.277052149176597595e-02 2.355576492846012115e-02 1.145318331553481173e+00 4.665371441085947035e-01 2.427234493205572274e-01
4.400000000000000000e+04 2.723850607872009277e-01 7.549361325800418854e-04 2.091899841616395861e-05 2.280106768012046814e-02 nan nan 4.586499556899070740e-02 2.280106768012046814e-02 1.146675335896943926e+00 4.713553788402357059e-01 2.262854974204796810e-01
4.500000000000000000e+04 2.722186744213104248e-01 6.750097381882369518e-04 2.003968256758525968e-05 2.204527147114276886e-02 nan nan 3.968125209212303162e-02 2.204527147114276886e-02 1.146244004453528254e+00 4.724359413628721471e-01 2.104789637811216585e-01
4.600000000000000000e+04 2.720759809017181396e-01 6.175392190925776958e-04 1.889292798296082765e-05 2.137903682887554169e-02 nan nan 3.572920709848403931e-02 2.137903682887554169e-02 1.146899064789697720e+00 4.714762587390198822e-01 1.997228386268996292e-01
4.700000000000000000e+04 2.737694084644317627e-01 1.311563886702060699e-03 8.667415240779519081e-04 2.067712880671024323e-02 nan nan 3.091087006032466888e-02 2.067712880671024323e-02 1.159981215114084696e+00 4.604362840200711959e-01 1.857683198965914828e-01
4.800000000000000000e+04 2.776187360286712646e-01 7.101419614627957344e-04 4.830672696698457003e-05 1.939018443226814270e-02 nan nan 1.582353748381137848e-02 1.939018443226814270e-02 1.127448508870538157e+00 4.719542119874413633e-01 1.329131107240847931e-01
4.900000000000000000e+04 2.740626931190490723e-01 4.186670412309467793e-04 2.659682104422245175e-05 1.932414062321186066e-02 nan nan 1.724685728549957275e-02 1.932414062321186066e-02 1.142169416316806574e+00 4.718319629954414451e-01 1.387621630173578036e-01
5.000000000000000000e+04 2.730415463447570801e-01 3.888657956849783659e-04 2.338693775527644902e-05 1.921801827847957611e-02 nan nan 1.639794185757637024e-02 1.921801827847957611e-02 1.144603407207756884e+00 4.718608966979639385e-01 1.353040274153968214e-01
5.100000000000000000e+04 2.725048363208770752e-01 3.534612187650054693e-04 2.157327435270417482e-05 1.908535882830619812e-02 nan nan 1.544276718050241470e-02 1.908535882830619812e-02 1.146137426110453772e+00 4.718711222082755952e-01 1.313041921362085862e-01
5.200000000000000000e+04 2.722484171390533447e-01 3.231063892599195242e-04 1.917753979796543717e-05 1.885581575334072113e-02 nan nan 1.445828378200531006e-02 1.885581575334072113e-02 1.146491764669051339e+00 4.718736458987742299e-01 1.270499258844945689e-01
5.300000000000000000e+04 2.720266580581665039e-01 4.202882701065391302e-04 8.801696822047233582e-05 1.861058548092842102e-02 nan nan 1.378163229674100876e-02 1.861058548092842102e-02 1.144041892827757589e+00 4.665770948062854528e-01 1.240413204980537892e-01
5.400000000000000000e+04 2.719144225120544434e-01 3.750569885596632957e-04 1.682958281890023500e-05 1.851043291389942169e-02 nan nan 1.575821079313755035e-02 1.851043291389942169e-02 1.146871917919129791e+00 4.718762395398319875e-01 1.326384656391670913e-01
5.500000000000000000e+04 2.720286548137664795e-01 3.235342737752944231e-04 4.361660467111505568e-05 1.833464950323104858e-02 nan nan 1.402059756219387054e-02 1.833464950323104858e-02 1.141074258994948076e+00 4.758385798595671234e-01 1.251120907144985528e-01
5.600000000000000000e+04 2.715645134449005127e-01 2.710787521209567785e-04 1.718019848340190947e-05 1.809830032289028168e-02 nan nan 1.266237348318099976e-02 1.809830032289028168e-02 1.149047261557788691e+00 4.731793151245090590e-01 1.188977405799323261e-01
5.700000000000000000e+04 2.714093923568725586e-01 2.436221839161589742e-04 1.173470718640601262e-05 1.780798658728599548e-02 nan nan 1.092799101024866104e-02 1.780798658728599548e-02 1.147095400314232405e+00 4.723632746076920075e-01 1.104552096077396350e-01
5.800000000000000000e+04 2.713338732719421387e-01 3.434921964071691036e-04 9.991466504288837314e-05 1.748277992010116577e-02 nan nan 9.130487218499183655e-03 1.748277992010116577e-02 1.152286790807266037e+00 4.806973729701121689e-01 1.009631755992325824e-01
5.900000000000000000e+04 2.750209271907806396e-01 4.443858633749186993e-04 2.215642598457634449e-05 1.649636402726173401e-02 nan nan 7.367373909801244736e-03 1.649636402726173401e-02 1.135267368257360632e+00 4.723000365782547005e-01 9.069271132878048425e-02
6.000000000000000000e+04 2.733825445175170898e-01 2.379706420470029116e-04 1.554551272420212626e-05 1.644408516585826874e-02 nan nan 6.730590015649795532e-03 1.644408516585826874e-02 1.143463809599813752e+00 4.720447627724265738e-01 8.668472428171906941e-02
6.100000000000000000e+04 2.726675868034362793e-01 2.217819419456645846e-04 1.787872861314099282e-05 1.640803553164005280e-02 nan nan 6.453546695411205292e-03 1.640803553164005280e-02 1.145613148595513886e+00 4.730478715418928171e-01 8.488193153931257451e-02
6.200000000000000000e+04 2.722973525524139404e-01 2.084029983961954713e-04 2.129139829776249826e-05 1.634114608168601990e-02 nan nan 6.208174396306276321e-03 1.634114608168601990e-02 1.145306076277097906e+00 4.696071674293176845e-01 8.325263899954506164e-02
6.300000000000000000e+04 2.721279859542846680e-01 2.049824397545307875e-04 1.533515387563966215e-05 1.618152484297752380e-02 nan nan 5.893056746572256088e-03 1.618152484297752380e-02 1.145762361058237477e+00 4.747078527361742739e-01 8.111222998725930999e-02
6.400000000000000000e+04 2.722876667976379395e-01 2.854467311408370733e-04 1.392903068335726857e-04 1.610801741480827332e-02 nan nan 5.745332688093185425e-03 1.610801741480827332e-02 1.147819373873949278e+00 4.647971503084437628e-01 8.008914030625638447e-02
6.500000000000000000e+04 2.715787887573242188e-01 1.681179564911872149e-04 1.772412360878661275e-05 1.600175350904464722e-02 nan nan 4.865864757448434830e-03 1.600175350904464722e-02 1.146766292928621978e+00 4.734404366015547705e-01 7.370484684303428569e-02
6.600000000000000000e+04 2.715695798397064209e-01 2.122234436683356762e-04 1.003769284579902887e-05 1.597942225635051727e-02 nan nan 5.814686417579650879e-03 1.597942225635051727e-02 1.146945462063461596e+00 4.720363937219808070e-01 8.057108146514303793e-02
6.700000000000000000e+04 2.713539898395538330e-01 1.769672671798616648e-04 1.123422134696738794e-05 1.594316214323043823e-02 nan nan 5.184089299291372299e-03 1.594316214323043823e-02 1.147188506664650554e+00 4.720433811376598676e-01 7.607680218939465167e-02
6.800000000000000000e+04 2.711928784847259521e-01 1.618315000087022781e-04 1.046123725245706737e-05 1.584795489907264709e-02 nan nan 4.769448190927505493e-03 1.584795489907264709e-02 1.147233697634695737e+00 4.720895496280911874e-01 7.297096865980719216e-02
6.900000000000000000e+04 2.710883319377899170e-01 1.528082939330488443e-04 8.978622645372524858e-06 1.570348814129829407e-02 nan nan 4.421304445713758469e-03 1.570348814129829407e-02 1.146396352265353080e+00 4.727031295344469863e-01 7.025726515128645489e-02
7.000000000000000000e+04 3.262790739536285400e-01 8.893105201423168182e-03 3.955505322664976120e-03 1.464493200182914734e-02 nan nan 1.024887990206480026e-02 1.464493200182914734e-02 1.079810192561663218e+00 5.109950155702085439e-01 1.069680813374082051e-01
7.100000000000000000e+04 2.731140851974487305e-01 1.593918714206665754e-04 8.784452802501618862e-06 1.518649421632289886e-02 nan nan 3.917831461876630783e-03 1.518649421632289886e-02 1.143078141177498841e+00 4.722079801409437283e-01 6.613614913475460155e-02
7.200000000000000000e+04 2.721959948539733887e-01 1.461669307900592685e-04 9.258999853045679629e-06 1.511671394109725952e-02 nan nan 3.660105867311358452e-03 1.511671394109725952e-02 1.145358404945810094e+00 4.721699064419953573e-01 6.392383922403702123e-02
7.300000000000000000e+04 2.718353569507598877e-01 1.432429271517321467e-04 9.644065357861109078e-06 1.502156630158424377e-02 nan nan 3.540693316608667374e-03 1.502156630158424377e-02 1.146511106216254516e+00 4.721642904243514294e-01 6.287242001785091350e-02
7.400000000000000000e+04 2.716085910797119141e-01 1.381702459184452891e-04 9.261290870199445635e-06 1.491335406899452209e-02 nan nan 3.330548759549856186e-03 1.491335406899452209e-02 1.146866616665492611e+00 4.721079886585305418e-01 6.097810468826885683e-02
7.500000000000000000e+04 2.715071439743041992e-01 1.691492070676758885e-04 1.088332192011876032e-05 1.483031921088695526e-02 nan nan 3.944061230868101120e-03 1.483031921088695526e-02 1.147241469802546154e+00 4.722050505578229695e-01 6.635717089035117477e-02
7.600000000000000000e+04 2.713432610034942627e-01 1.365628559142351151e-04 8.443525075563229620e-06 1.476927474141120911e-02 nan nan 3.184806322678923607e-03 1.476927474141120911e-02 1.147303913369294159e+00 4.721436841559800701e-01 5.962900303905759036e-02
7.700000000000000000e+04 2.711881399154663086e-01 1.294813700951635838e-04 7.286734671652084216e-06 1.471458375453948975e-02 nan nan 2.916506724432110786e-03 1.471458375453948975e-02 1.147341542942814874e+00 4.721636212287371182e-01 5.706207017370574369e-02
7.800000000000000000e+04 2.710569500923156738e-01 1.251448120456188917e-04 6.656053301412612200e-06 1.463909074664115906e-02 nan nan 2.680492121726274490e-03 1.463909074664115906e-02 1.147280020862534444e+00 4.721822800505465767e-01 5.470453140671035358e-02
7.900000000000000000e+04 2.709458172321319580e-01 1.224365114467218518e-04 6.744997335772495717e-06 1.455855183303356171e-02 nan nan 2.513234037905931473e-03 1.455855183303356171e-02 1.147210520562772729e+00 4.723199660015223733e-01 5.297031011486685176e-02
8.000000000000000000e+04 2.708551883697509766e-01 1.366530777886509895e-04 1.773931035131681710e-05 1.448701135814189911e-02 nan nan 2.416243776679039001e-03 1.448701135814189911e-02 1.150649670320319062e+00 4.744068609523048319e-01 5.193814203959782466e-02
8.100000000000000000e+04 2.722095549106597900e-01 2.650895330589264631e-04 4.729569263872690499e-05 1.393825188279151917e-02 nan nan 4.241819027811288834e-03 1.393825188279151917e-02 1.145646063738458009e+00 4.726005058266761760e-01 6.881642226681117247e-02
8.200000000000000000e+04 2.717174887657165527e-01 1.527200947748497128e-04 7.688712685194332153e-06 1.398038771003484726e-02 nan nan 2.688259817659854889e-03 1.398038771003484726e-02 1.146927025695430036e+00 4.721223798178921238e-01 5.478373501190547668e-02
8.300000000000000000e+04 2.714721858501434326e-01 1.332847750745713711e-04 7.668611033295746893e-06 1.400019042193889618e-02 nan nan 2.391933463513851166e-03 1.400019042193889618e-02 1.147143974088866480e+00 4.721651429320096183e-01 5.167620363124483113e-02
8.400000000000000000e+04 2.741225063800811768e-01 2.144639292964711785e-04 1.450948038836941123e-04 1.404038351029157639e-02 nan nan 2.142721554264426231e-03 1.404038351029157639e-02 1.138238961447534336e+00 4.761314844506757127e-01 4.891014142844794105e-02
8.500000000000000000e+04 2.709880173206329346e-01 1.218772522406652570e-04 6.923425644345115870e-06 1.408295240253210068e-02 nan nan 2.205186057835817337e-03 1.408295240253210068e-02 1.147649800023057276e+00 4.723173271843655319e-01 4.961793176506081038e-02
8.600000000000000000e+04 2.707950174808502197e-01 1.186361114378087223e-04 6.015530289005255327e-06 1.409793924540281296e-02 nan nan 2.068824367597699165e-03 1.409793924540281296e-02 1.147413592776095559e+00 4.722131258986153046e-01 4.805934561945177097e-02
8.700000000000000000e+04 2.706885635852813721e-01 1.161552791018038988e-04 8.036088729568291456e-06 1.405354309827089310e-02 nan nan 2.041614381596446037e-03 1.405354309827089310e-02 1.147069795590352825e+00 4.714302058707525722e-01 4.774225295676227249e-02
8.800000000000000000e+04 2.706069648265838623e-01 1.138799198088236153e-04 5.512107236427254975e-06 1.399025507271289825e-02 nan nan 1.874829758889973164e-03 1.399025507271289825e-02 1.147473939228538908e+00 4.721202775369275906e-01 4.575061545331124413e-02
8.900000000000000000e+04 2.705521583557128906e-01 1.122014800785109401e-04 6.439239768951665610e-06 1.391873415559530258e-02 nan nan 1.731002121232450008e-03 1.391873415559530258e-02 1.146473697470070663e+00 4.722062469771287629e-01 4.396072305686905823e-02
9.000000000000000000e+04 2.734414935111999512e-01 3.521688049659132957e-04 1.000665433821268380e-04 1.344514451920986176e-02 nan nan 4.077488090842962265e-03 1.344514451920986176e-02 1.138948828857496487e+00 4.728803224084107137e-01 6.747026080173489093e-02
9.100000000000000000e+04 2.720549106597900391e-01 1.522480743005871773e-04 5.532102022698381916e-06 1.338992919772863388e-02 nan nan 2.165785757824778557e-03 1.338992919772863388e-02 1.145269563913539734e+00 4.721779092489906127e-01 4.917266875777544927e-02
9.200000000000000000e+04 2.714955806732177734e-01 1.276563853025436401e-04 5.433328169601736590e-06 1.340058539062738419e-02 nan nan 1.849562977440655231e-03 1.340058539062738419e-02 1.146844105578972872e+00 4.721619428844712751e-01 4.544128540953535494e-02
9.300000000000000000e+04 2.711800932884216309e-01 1.218919423990882933e-04 8.276112566818483174e-06 1.343814376741647720e-02 nan nan 1.723443972878158092e-03 1.343814376741647720e-02 1.149098304800002746e+00 4.728947646791016313e-01 4.386464445977811960e-02
9.400000000000000000e+04 2.709306776523590088e-01 1.187565649161115289e-04 6.913881406944710761e-06 1.349087059497833252e-02 nan nan 1.648024539463222027e-03 1.349087059497833252e-02 1.147166430021052452e+00 4.725864545291283414e-01 4.289412988465816923e-02
9.500000000000000000e+04 2.715016007423400879e-01 2.969022607430815697e-04 1.297810522373765707e-04 1.349036954343318939e-02 nan nan 1.984692178666591644e-03 1.349036954343318939e-02 1.128187223490922486e+00 4.735946879593426750e-01 4.707199524781167932e-02
9.600000000000000000e+04 2.707649469375610352e-01 1.351900718873366714e-04 3.233151073800399899e-05 1.351106539368629456e-02 nan nan 1.688712858594954014e-03 1.351106539368629456e-02 1.152481574942911147e+00 4.708728490647451359e-01 4.342041324501614424e-02
9.700000000000000000e+04 2.750240564346313477e-01 5.679830210283398628e-04 5.661555915139615536e-04 1.348110940307378769e-02 nan nan 2.469784813001751900e-03 1.348110940307378769e-02 1.171980053843928449e+00 4.672962310165085231e-01 5.251043075459271153e-02
9.800000000000000000e+04 2.704483270645141602e-01 1.105668197851628065e-04 7.780029591231141239e-06 1.344454288482666016e-02 nan nan 1.389519893564283848e-03 1.344454288482666016e-02 1.147601593443339896e+00 4.736641230527235402e-01 3.938659681021552950e-02
9.900000000000000000e+04 3.556934893131256104e-01 1.684791641309857368e-03 1.026099198497831821e-03 1.260064635425806046e-02 nan nan 2.259827218949794769e-03 1.260064635425806046e-02 1.105818434814274331e+00 4.841724399398861789e-01 5.022889975728896117e-02
1.000000000000000000e+05 2.748385965824127197e-01 1.448894618079066277e-04 8.849227015161886811e-06 1.304628141224384308e-02 nan nan 1.580576063133776188e-03 1.304628141224384308e-02 1.139294486450879829e+00 4.723375758940976388e-01 4.200720238391019573e-02
1.010000000000000000e+05 2.730830609798431396e-01 1.087723503587767482e-04 4.291167442715959623e-06 1.300320681184530258e-02 nan nan 1.354311127215623856e-03 1.300320681184530258e-02 1.143469921678630596e+00 4.723043435030609416e-01 3.888438948615042384e-02
1.020000000000000000e+05 2.720542252063751221e-01 1.077895576599985361e-04 3.847121206490555778e-06 1.302805915474891663e-02 nan nan 1.347490004263818264e-03 1.302805915474891663e-02 1.145640941824437098e+00 4.719075321390224786e-01 3.878634087287838317e-02
1.030000000000000000e+05 2.718600034713745117e-01 1.159566381829790771e-04 1.294571757171070203e-05 1.300237886607646942e-02 nan nan 1.255972427316009998e-03 1.300237886607646942e-02 1.144557385840750285e+00 4.728068400378728220e-01 3.744605522225188943e-02
1.040000000000000000e+05 2.714204788208007812e-01 1.394673308823257685e-04 2.939402656920719892e-05 1.293436251580715179e-02 nan nan 1.311715459451079369e-03 1.293436251580715179e-02 1.150005710377265400e+00 4.766992159294938802e-01 3.826800820034398365e-02
1.050000000000000000e+05 2.712130844593048096e-01 1.098550783353857696e-04 3.952615315938601270e-06 1.288833282887935638e-02 nan nan 1.267506391741335392e-03 1.288833282887935638e-02 1.147470656243724685e+00 4.722488557510078344e-01 3.761760651872890493e-02
1.060000000000000000e+05 2.711883485317230225e-01 1.561449025757610798e-04 3.435201506363227963e-05 1.284786034375429153e-02 nan nan 1.333877444267272949e-03 1.284786034375429153e-02 1.152541552971723338e+00 4.768219239639021612e-01 3.858993056074763728e-02
1.070000000000000000e+05 2.708520293235778809e-01 1.077825218089856207e-04 4.392989922052947804e-06 1.286681927740573883e-02 nan nan 1.209913403727114201e-03 1.286681927740573883e-02 1.148249102675871880e+00 4.729589379008394823e-01 3.675303471736142413e-02
1.080000000000000000e+05 2.708843648433685303e-01 1.309571089223027229e-04 4.497123427427140996e-06 1.285421382635831833e-02 nan nan 1.502681639976799488e-03 1.285421382635831833e-02 1.147518850844566174e+00 4.721141572579204415e-01 4.095902024266563635e-02
1.090000000000000000e+05 2.706999480724334717e-01 1.135181228164583445e-04 6.265479441935895011e-06 1.292796619236469269e-02 nan nan 1.304085482843220234e-03 1.292796619236469269e-02 1.150280258355646623e+00 4.724509742818170932e-01 3.815654657934559879e-02
1.100000000000000000e+05 2.704817652702331543e-01 1.074727406376041472e-04 3.824768555205082521e-06 1.295634452253580093e-02 nan nan 1.211948459967970848e-03 1.295634452253580093e-02 1.147618639979722799e+00 4.722353552325155301e-01 3.678393238528838288e-02
1.110000000000000000e+05 2.703644633293151855e-01 1.055579414241947234e-04 3.453218369031674229e-06 1.297042984515428543e-02 nan nan 1.178734702989459038e-03 1.297042984515428543e-02 1.147679607691241666e+00 4.721713792748170602e-01 3.627639135374328277e-02
1.120000000000000000e+05 2.703388035297393799e-01 1.173668206320144236e-04 1.427810275345109403e-05 1.296245120465755463e-02 nan nan 1.181597937829792500e-03 1.296245120465755463e-02 1.152697017124528100e+00 4.752771097081652241e-01 3.632042322981657301e-02
1.130000000000000000e+05 2.715725600719451904e-01 1.086341871996410191e-04 4.057525529788108543e-06 1.233383268117904663e-02 nan nan 1.143731526099145412e-03 1.233383268117904663e-02 1.146744740835430765e+00 4.722038694917489177e-01 3.573371134997974097e-02
1.140000000000000000e+05 2.712740600109100342e-01 1.050655046128667891e-04 4.451277163752820343e-06 1.235785987228155136e-02 nan nan 1.073143328540027142e-03 1.235785987228155136e-02 1.147500569637466938e+00 4.729681893560942485e-01 3.461344994248280460e-02
1.150000000000000000e+05 2.712604701519012451e-01 1.599929819349199533e-04 6.719648808939382434e-05 1.235056016594171524e-02 nan nan 9.701787494122982025e-04 1.235056016594171524e-02 1.143995781729396866e+00 4.767211512476139945e-01 3.291106413090035682e-02
1.160000000000000000e+05 2.710773646831512451e-01 4.678044642787426710e-04 2.310981362825259566e-04 1.243166625499725342e-02 nan nan 3.808283712714910507e-03 1.243166625499725342e-02 1.146262553905456505e+00 4.730682057661076412e-01 6.520496931840444321e-02
1.170000000000000000e+05 2.714541554450988770e-01 2.082649007206782699e-04 1.017607064568437636e-04 1.250553410500288010e-02 nan nan 1.400877488777041435e-03 1.250553410500288010e-02 1.151912222225887739e+00 4.737766156238091275e-01 3.954723641199619361e-02
1.180000000000000000e+05 2.704817056655883789e-01 1.053253145073540509e-04 3.913855380233144388e-06 1.262282114475965500e-02 nan nan 1.068029087036848068e-03 1.262282114475965500e-02 1.147576561524858763e+00 4.722023653397958154e-01 3.453087586163259420e-02
1.190000000000000000e+05 2.703162431716918945e-01 1.027468606480397284e-04 3.308043915239977650e-06 1.268680766224861145e-02 nan nan 1.045404351316392422e-03 1.268680766224861145e-02 1.147425178338151497e+00 4.722636414767977797e-01 3.416317168723555925e-02
1.200000000000000000e+05 2.701994776725769043e-01 1.012982756947167218e-04 3.113937964371871203e-06 1.271791383624076843e-02 nan nan 1.005441998131573200e-03 1.271791383624076843e-02 1.147703568916509820e+00 4.721730354730082624e-01 3.350383751463033299e-02
1.210000000000000000e+05 2.701279520988464355e-01 1.323483738815411925e-04 2.948144538095220923e-05 1.271355897188186646e-02 nan nan 1.038098707795143127e-03 1.271355897188186646e-02 1.146798176891183463e+00 4.711315092490867551e-01 3.404358903111250750e-02
1.220000000000000000e+05 2.714151442050933838e-01 1.061330258380621672e-04 3.723243025888223201e-06 1.214009709656238556e-02 nan nan 9.922418976202607155e-04 1.214009709656238556e-02 1.146976820691556709e+00 4.722255774053182864e-01 3.328318049404663942e-02
1.230000000000000000e+05 2.712135016918182373e-01 1.014473091345280409e-04 3.617984475567936897e-06 1.210690382868051529e-02 nan nan 9.318171651102602482e-04 1.210690382868051529e-02 1.147364642338232654e+00 4.722272424916147959e-01 3.225383740120629089e-02
1.240000000000000000e+05 2.709812819957733154e-01 1.002549179247580469e-04 3.795395514316624030e-06 1.212465297430753708e-02 nan nan 9.077690774574875832e-04 1.212465297430753708e-02 1.147965011247084721e+00 4.724251182481802314e-01 3.183491773498509092e-02
1.250000000000000000e+05 2.712500393390655518e-01 1.128490781411528587e-03 9.410515194758772850e-04 1.216261088848114014e-02 nan nan 7.225911598652601242e-03 1.216261088848114014e-02 1.146480142261703028e+00 4.786243794576036659e-01 8.981779184954066797e-02
1.260000000000000000e+05 2.708786427974700928e-01 1.386332733090966940e-04 4.424159214977407828e-06 1.226511970162391663e-02 nan nan 1.305590732954442501e-03 1.226511970162391663e-02 1.147456116861622855e+00 4.720768321301258563e-01 3.817856262206516943e-02
1.270000000000000000e+05 2.718390822410583496e-01 1.178032252937555313e-04 1.011390031635528430e-05 1.230848394334316254e-02 nan nan 9.892772650346159935e-04 1.230848394334316254e-02 1.139113992344772397e+00 4.736541834644659166e-01 3.323342018060024966e-02
1.280000000000000000e+05 2.703506946563720703e-01 1.077760534826666117e-04 3.056857394767575897e-06 1.242232229560613632e-02 nan nan 9.683375828899443150e-04 1.242232229560613632e-02 1.147657342091992883e+00 4.721889319362451709e-01 3.287982103997847544e-02
1.290000000000000000e+05 2.701867520809173584e-01 1.043102747644297779e-04 3.109846829829621129e-06 1.247541140764951706e-02 nan nan 9.229203569702804089e-04 1.247541140764951706e-02 1.147677453625276289e+00 4.722006077803050927e-01 3.209949095507948214e-02
1.300000000000000000e+05 2.701568305492401123e-01 1.196894954773597419e-04 3.179702616762369871e-05 1.249360479414463043e-02 nan nan 8.931803749874234200e-04 1.249360479414463043e-02 1.141287450149294003e+00 4.690882222710646143e-01 3.157807384413782725e-02
1.310000000000000000e+05 2.700260281562805176e-01 1.003477373160421848e-04 1.254811013495782390e-05 1.248394325375556946e-02 nan nan 8.436790085397660732e-04 1.248394325375556946e-02 1.144832474733397110e+00 4.713536855206548748e-01 3.069054884512713993e-02
1.320000000000000000e+05 2.712030410766601562e-01 1.023005097522400320e-04 3.187047013852861710e-06 1.194454636424779892e-02 nan nan 8.637888822704553604e-04 1.194454636424779892e-02 1.146568893381297416e+00 4.722351064685003652e-01 3.105416512924216374e-02
1.330000000000000000e+05 2.707700133323669434e-01 9.844848682405427098e-05 3.166336682625114918e-06 1.203311700373888016e-02 nan nan 8.069428149610757828e-04 1.203311700373888016e-02 1.147551543812185049e+00 4.722115509885971285e-01 3.001493574371531456e-02
1.340000000000000000e+05 2.706592679023742676e-01 1.265434693777933717e-04 5.224340202403254807e-05 1.209920179098844528e-02 nan nan 8.781361393630504608e-04 1.209920179098844528e-02 1.146177611843111510e+00 4.722338709385344169e-01 3.131100145643370136e-02
1.350000000000000000e+05 2.703146934509277344e-01 1.023236181936226785e-04 7.262059170898282900e-06 1.216571312397718430e-02 nan nan 7.780197774991393089e-04 1.216571312397718430e-02 1.149265414820278774e+00 4.742701643734236749e-01 2.947211914336170940e-02
1.360000000000000000e+05 2.701580226421356201e-01 1.005121303023770452e-04 6.133898295956896618e-06 1.222174614667892456e-02 nan nan 7.420344627462327480e-04 1.222174614667892456e-02 1.147040916397966681e+00 4.726208131825103687e-01 2.878247209838192752e-02
1.370000000000000000e+05 2.701386809349060059e-01 1.917856570798903704e-04 8.631209311715792865e-06 1.232373435050249100e-02 nan nan 1.231095986440777779e-03 1.232373435050249100e-02 1.147722796631638342e+00 4.720486000527260306e-01 3.707336440323223681e-02
1.380000000000000000e+05 2.701429128646850586e-01 1.319894654443487525e-04 1.076755233953008428e-05 1.231197360903024673e-02 nan nan 9.385739103890955448e-04 1.231197360903024673e-02 1.143390566596918401e+00 4.690175758061215783e-01 3.237056609810824021e-02
1.390000000000000000e+05 2.700538039207458496e-01 5.183790344744920731e-04 3.878831630572676659e-04 1.230692677199840546e-02 nan nan 1.601625233888626099e-03 1.230692677199840546e-02 1.148783546852996329e+00 4.522695856079420595e-01 4.228598882033039047e-02
1.400000000000000000e+05 2.699365615844726562e-01 1.121020104619674385e-04 1.915546454256400466e-05 1.231436803936958313e-02 nan nan 9.237142512574791908e-04 1.231436803936958313e-02 1.143934315201139418e+00 4.690896651248909754e-01 3.211329438766125088e-02
1.410000000000000000e+05 2.698799967765808105e-01 1.012138309306465089e-04 6.459896667365683243e-06 1.229823194444179535e-02 nan nan 7.618104573339223862e-04 1.229823194444179535e-02 1.146499794736407507e+00 4.732159441295537561e-01 2.916349003146294708e-02
1.420000000000000000e+05 2.720495462417602539e-01 1.162349144578911364e-04 2.586945583971100859e-06 1.173271052539348602e-02 nan nan 1.004116609692573547e-03 1.173271052539348602e-02 1.144712963430027708e+00 4.722814119602264382e-01 3.348174884700774040e-02
1.430000000000000000e+05 2.711932063102722168e-01 1.001455966616049409e-04 2.673775952644064091e-06 1.172593887895345688e-02 nan nan 7.964952383190393448e-04 1.172593887895345688e-02 1.146140073695391282e+00 4.721561814843199256e-01 2.981999882135369720e-02
1.440000000000000000e+05 2.707986831665039062e-01 9.774319187272340059e-05 2.578119847385096364e-06 1.177580654621124268e-02 nan nan 7.665187586098909378e-04 1.177580654621124268e-02 1.147531914880299375e+00 4.722353563804711496e-01 2.925347398503201982e-02
1.450000000000000000e+05 2.705369293689727783e-01 9.659314673626795411e-05 2.511153979867231101e-06 1.183572784066200256e-02 nan nan 7.630758336745202541e-04 1.183572784066200256e-02 1.147709229952816434e+00 4.722237501398832138e-01 2.918770186581981160e-02
1.460000000000000000e+05 2.703308761119842529e-01 1.652618375374004245e-04 6.169325206428766251e-05 1.192057784646749496e-02 nan nan 8.614682010374963284e-04 1.192057784646749496e-02 1.142937326346116444e+00 4.734543411473043362e-01 3.101242106209279106e-02
1.470000000000000000e+05 2.702595293521881104e-01 1.019729461404494941e-04 7.400056801998289302e-06 1.197550632059574127e-02 nan nan 6.952968542464077473e-04 1.197550632059574127e-02 1.141791444991001603e+00 4.713981204235903055e-01 2.786128882350303107e-02
1.480000000000000000e+05 2.700060307979583740e-01 9.321604011347517371e-05 4.960698333889013156e-06 1.202488131821155548e-02 nan nan 7.029579137451946735e-04 1.202488131821155548e-02 1.147233396427548291e+00 4.721984534549595880e-01 2.801435999778856267e-02
1.490000000000000000e+05 2.709298729896545410e-01 1.654820662224665284e-04 2.066133492917288095e-05 1.162261236459016800e-02 nan nan 1.512442482635378838e-03 1.162261236459016800e-02 1.146400011204028901e+00 4.723144309216593673e-01 4.109182764430463486e-02
1.500000000000000000e+05 2.704470157623291016e-01 1.032148211379535496e-04 2.775416760414373130e-06 1.172830443829298019e-02 nan nan 7.888278923928737640e-04 1.172830443829298019e-02 1.147559799355042154e+00 4.721978730862294027e-01 2.967612416170854056e-02
1.510000000000000000e+05 2.702029347419738770e-01 9.781618427950888872e-05 2.604240989967365749e-06 1.183133851736783981e-02 nan nan 7.264917367137968540e-04 1.183133851736783981e-02 1.147798508141798290e+00 4.722179818089708991e-01 2.847943522073159012e-02
1.520000000000000000e+05 2.701089978218078613e-01 1.228034234372898936e-04 2.358356141485273838e-05 1.192489173263311386e-02 nan nan 7.182192639447748661e-04 1.192489173263311386e-02 1.155452828196059434e+00 4.767990041757376729e-01 2.831682483941175971e-02
1.530000000000000000e+05 2.699276506900787354e-01 1.002823191811330616e-04 7.406214535876642913e-06 1.197945233434438705e-02 nan nan 7.166336290538311005e-04 1.197945233434438705e-02 1.149467830810801283e+00 4.725286564958410818e-01 2.828555067230240777e-02
1.540000000000000000e+05 2.724065184593200684e-01 3.833117079921066761e-04 3.927825309801846743e-04 1.199920196086168289e-02 nan nan 1.198625075630843639e-03 1.199920196086168289e-02 1.164948623522181759e+00 4.743816111256425883e-01 3.658117956732011983e-02
1.550000000000000000e+05 2.698000669479370117e-01 9.598580800229683518e-05 9.009198038256727159e-06 1.200693473219871521e-02 nan nan 6.834127125330269337e-04 1.200693473219871521e-02 1.149808358577439016e+00 4.719110856667022014e-01 2.762215567880677708e-02
1.560000000000000000e+05 2.713736295700073242e-01 1.793161500245332718e-04 1.319815874012419954e-05 1.155334711074829102e-02 nan nan 1.379834022372961044e-03 1.155334711074829102e-02 1.145453790597721344e+00 4.723869338027483211e-01 3.924908034577174326e-02
1.570000000000000000e+05 2.705864608287811279e-01 1.262292498722672462e-04 1.916962901304941624e-05 1.163742598146200180e-02 nan nan 8.122742874547839165e-04 1.163742598146200180e-02 1.147054956799590020e+00 4.704589251482115819e-01 3.011392727690694743e-02
1.580000000000000000e+05 2.702877521514892578e-01 1.043385782395489514e-04 3.812237764577730559e-06 1.171556487679481506e-02 nan nan 7.122444221749901772e-04 1.171556487679481506e-02 1.147632407408764488e+00 4.722650058420760355e-01 2.819879723922644882e-02
1.590000000000000000e+05 2.700798213481903076e-01 9.601346391718834639e-05 2.793168960124603473e-06 1.178675703704357147e-02 nan nan 6.747902370989322662e-04 1.178675703704357147e-02 1.147856346840308017e+00 4.722058978777475269e-01 2.744735113585837147e-02
1.600000000000000000e+05 2.699237167835235596e-01 9.425549797015264630e-05 2.305690031789708883e-06 1.184846647083759308e-02 nan nan 6.392851355485618114e-04 1.184846647083759308e-02 1.147868112934232965e+00 4.722395262810091254e-01 2.671550096013297973e-02
1.610000000000000000e+05 2.698165476322174072e-01 9.244573448086157441e-05 2.447940460115205497e-06 1.188667770475149155e-02 nan nan 6.201445939950644970e-04 1.188667770475149155e-02 1.147478890648840233e+00 4.723736181525546862e-01 2.631252516957314352e-02
1.620000000000000000e+05 2.697553932666778564e-01 9.163986396742984653e-05 5.053177574154688045e-06 1.190483756363391876e-02 nan nan 6.198589107953011990e-04 1.190483756363391876e-02 1.148260996487268981e+00 4.717956176256535850e-01 2.630646315665591956e-02
1.630000000000000000e+05 2.697090804576873779e-01 9.058716386789456010e-05 2.351190914851031266e-06 1.190105453133583069e-02 nan nan 5.927064339630305767e-04 1.190105453133583069e-02 1.148164641190670077e+00 4.722458139923336184e-01 2.572384356330797289e-02
1.640000000000000000e+05 2.697012722492218018e-01 2.205411728937178850e-04 1.420551998307928443e-04 1.190425269305706024e-02 nan nan 7.398779853247106075e-04 1.190425269305706024e-02 1.143594190610056627e+00 4.688252466426682807e-01 2.874061788241832546e-02
1.650000000000000000e+05 2.714387178421020508e-01 1.944654795806854963e-04 3.145487789879553020e-05 1.135307550430297852e-02 nan nan 1.331664272584021091e-03 1.135307550430297852e-02 1.144830135520707559e+00 4.721815714146816445e-01 3.855790227354047306e-02
1.660000000000000000e+05 2.705988287925720215e-01 1.097299318644218147e-04 3.179559826094191521e-06 1.140214037150144577e-02 nan nan 6.675352342426776886e-04 1.140214037150144577e-02 1.147318291494473064e+00 4.722142164693841071e-01 2.729940229399203944e-02
1.670000000000000000e+05 2.702518999576568604e-01 9.932990360539406538e-05 4.398927558213472366e-06 1.150487177073955536e-02 nan nan 5.847805878147482872e-04 1.150487177073955536e-02 1.148308448863220477e+00 4.725789926422989118e-01 2.555127230369215810e-02
1.680000000000000000e+05 2.700060009956359863e-01 9.342807607026770711e-05 1.758808025442704093e-06 1.161258481442928314e-02 nan nan 5.962663562968373299e-04 1.161258481442928314e-02 1.148042222620169861e+00 4.724004192192665097e-01 2.580097953980309278e-02
1.690000000000000000e+05 2.698273360729217529e-01 9.161949128611013293e-05 1.350949673906143289e-06 1.171020884066820145e-02 nan nan 5.837540957145392895e-04 1.171020884066820145e-02 1.147882045903374504e+00 4.723389156075537554e-01 2.552883412789591633e-02
1.700000000000000000e+05 2.697086036205291748e-01 9.061412129085510969e-05 1.421362071596377064e-06 1.177230477333068848e-02 nan nan 5.701953778043389320e-04 1.177230477333068848e-02 1.148029920137667137e+00 4.722181972213405632e-01 2.523061638994397379e-02
1.710000000000000000e+05 2.696414291858673096e-01 8.997817349154502153e-05 1.476600687055906747e-06 1.179541554301977158e-02 nan nan 5.500008119270205498e-04 1.179541554301977158e-02 1.147891721872576598e+00 4.722741566388139467e-01 2.477979546451314352e-02
1.720000000000000000e+05 2.696322202682495117e-01 9.423636220162734389e-05 8.863487892085686326e-06 1.180103980004787445e-02 nan nan 5.906354635953903198e-04 1.180103980004787445e-02 1.149063651752037618e+00 4.714751914272366506e-01 2.567886333233004512e-02
1.730000000000000000e+05 2.696197330951690674e-01 9.619696356821805239e-05 1.530147528683301061e-05 1.178904809057712555e-02 nan nan 5.898855160921812057e-04 1.178904809057712555e-02 1.150785157760738864e+00 4.719049671554787495e-01 2.566255645587968773e-02
1.740000000000000000e+05 2.722983360290527344e-01 1.849510008469223976e-04 3.496773206279613078e-05 1.134979259222745895e-02 nan nan 1.250605098903179169e-03 1.134979259222745895e-02 1.140178633031308841e+00 4.723332746008113703e-01 3.736596029116472095e-02
1.750000000000000000e+05 2.711851596832275391e-01 1.031747015076689422e-04 2.391596126471995376e-06 1.115441136062145233e-02 nan nan 6.652934825979173183e-04 1.115441136062145233e-02 1.146304046511757324e+00 4.722223727334572407e-01 2.725352433472379154e-02
1.760000000000000000e+05 2.707300484180450439e-01 6.786733283661305904e-04 7.453754660673439503e-04 1.119433436542749405e-02 nan nan 9.341393015347421169e-04 1.119433436542749405e-02 1.148656063914722747e+00 4.849078509928113068e-01 3.229400293574817560e-02
1.770000000000000000e+05 2.705844342708587646e-01 1.204090804094448686e-04 4.667618486564606428e-05 1.123818848282098770e-02 nan nan 6.576442974619567394e-04 1.123818848282098770e-02 1.145429002805838481e+00 4.689206207837315898e-01 2.709639761972542846e-02
1.780000000000000000e+05 2.702124714851379395e-01 9.192249126499518752e-05 1.833029386943962891e-06 1.132918335497379303e-02 nan nan 5.206582718528807163e-04 1.132918335497379303e-02 1.147940522534024677e+00 4.722503379126849476e-01 2.410973611089451546e-02
1.790000000000000000e+05 2.699831724166870117e-01 9.199049236485734582e-05 2.196296918555162847e-06 1.142649911344051361e-02 nan nan 5.152818048372864723e-04 1.142649911344051361e-02 1.148531182587776200e+00 4.729988995713576005e-01 2.398493084779799306e-02
1.800000000000000000e+05 2.698591947555541992e-01 1.031235442496836185e-04 2.348205453017726541e-05 1.152397319674491882e-02 nan nan 5.709724500775337219e-04 1.152397319674491882e-02 1.142179700111483731e+00 4.691321690896809171e-01 2.524780394675681106e-02
1.810000000000000000e+05 3.028664588928222656e-01 1.251439452171325684e-01 1.493665128946304321e-01 1.156275812536478043e-02 nan nan 1.049011573195457458e-01 1.156275812536478043e-02 1.181682033410022870e+00 7.387951926081648413e-01 3.422206162911427541e-01
1.820000000000000000e+05 2.696079313755035400e-01 1.140571766882203519e-04 2.327195261386805214e-06 1.165596581995487213e-02 nan nan 6.365834269672632217e-04 1.165596581995487213e-02 1.147681697024419689e+00 4.722384848962309922e-01 2.665899056252003102e-02
1.830000000000000000e+05 2.695220410823822021e-01 9.622224024496972561e-05 3.344344349898165092e-06 1.167794037610292435e-02 nan nan 5.663509946316480637e-04 1.167794037610292435e-02 1.147468114050510968e+00 4.712778874582654320e-01 2.514541997324734948e-02
1.840000000000000000e+05 2.694746255874633789e-01 1.156079670181497931e-04 2.110588320647366345e-05 1.169655472040176392e-02 nan nan 5.761787761002779007e-04 1.169655472040176392e-02 1.149555797133969159e+00 4.703561113229396962e-01 2.536265153001401179e-02
1.850000000000000000e+05 2.693863511085510254e-01 9.208059054799377918e-05 1.827715209401503671e-06 1.170897297561168671e-02 nan nan 5.198708386160433292e-04 1.170897297561168671e-02 1.148894711552943759e+00 4.721240992236548917e-01 2.409149698223003386e-02
1.860000000000000000e+05 2.712507545948028564e-01 9.867285552900284529e-05 2.028592916758498177e-06 1.147938705980777740e-02 nan nan 6.543137133121490479e-04 1.147938705980777740e-02 1.145285081358125900e+00 4.723327569635856760e-01 2.702769704406372125e-02
1.870000000000000000e+05 2.703061401844024658e-01 9.159321780316531658e-05 3.010754880961030722e-06 1.143807638436555862e-02 nan nan 5.159291904419660568e-04 1.143807638436555862e-02 1.146166548711426092e+00 4.716121534690720929e-01 2.399999155998165656e-02
1.880000000000000000e+05 2.700845003128051758e-01 1.363303745165467262e-04 3.409806231502443552e-05 1.142971683293581009e-02 nan nan 5.312509019859135151e-04 1.142971683293581009e-02 1.153451319352813531e+00 4.752085434798021257e-01 2.435375212201063011e-02
1.890000000000000000e+05 2.697981595993041992e-01 9.028591739479452372e-05 1.206247588925180025e-06 1.143769454210996628e-02 nan nan 4.922478110529482365e-04 1.143769454210996628e-02 1.147201468718955120e+00 4.722928341845163969e-01 2.344271718549733804e-02
1.900000000000000000e+05 2.697846293449401855e-01 2.326108951820060611e-04 5.659012822434306145e-05 1.154562924057245255e-02 nan nan 1.586777158081531525e-03 1.154562924057245255e-02 1.148154928152564702e+00 4.719619100814688162e-01 4.208952385558135945e-02
1.910000000000000000e+05 2.695372700691223145e-01 1.074574029189534485e-04 9.657022701503592543e-07 1.158704143017530441e-02 nan nan 6.462652236223220825e-04 1.158704143017530441e-02 1.148259673260375369e+00 4.722145544660669159e-01 2.686095442869870092e-02
1.920000000000000000e+05 2.693967223167419434e-01 9.706478886073455215e-05 1.108816263695189264e-06 1.160426158457994461e-02 nan nan 5.560323479585349560e-04 1.160426158457994461e-02 1.148247407168926371e+00 4.720979290183323074e-01 2.491529561715959476e-02
1.930000000000000000e+05 2.692622840404510498e-01 1.071227670763619244e-04 1.286474616790656000e-05 1.163419336080551147e-02 nan nan 5.509399343281984329e-04 1.163419336080551147e-02 1.146586380013585815e+00 4.699143867289555243e-01 2.480094163945650507e-02
1.940000000000000000e+05 2.691397368907928467e-01 9.475541446590796113e-05 5.792330284748459235e-06 1.165268383920192719e-02 nan nan 4.942997475154697895e-04 1.165268383920192719e-02 1.150162892603327380e+00 4.741747893465002028e-01 2.349152544938079221e-02
1.950000000000000000e+05 2.713249027729034424e-01 1.072524537448771298e-04 6.761965323676122352e-06 1.137889642268419266e-02 nan nan 7.158544030971825123e-04 1.137889642268419266e-02 1.142614498976944004e+00 4.723215831832157652e-01 2.827016771782376453e-02
1.960000000000000000e+05 2.703193426132202148e-01 9.531831892672926188e-05 2.858629386537359096e-06 1.117567811161279678e-02 nan nan 4.917873302474617958e-04 1.117567811161279678e-02 1.147842754013399524e+00 4.724138879030614357e-01 2.343175070828535170e-02
1.970000000000000000e+05 2.699202597141265869e-01 9.349366882815957069e-05 4.321559117670403793e-06 1.123124454170465469e-02 nan nan 4.664920270442962646e-04 1.123124454170465469e-02 1.150380777691612622e+00 4.729035486048461245e-01 2.282118413924531450e-02
1.980000000000000000e+05 2.695555090904235840e-01 1.455432065995410085e-04 4.883276778855361044e-05 1.130577549338340759e-02 nan nan 5.505888257175683975e-04 1.130577549338340759e-02 1.148101121397634428e+00 4.719597422688550092e-01 2.479303709402322364e-02
1.990000000000000000e+05 2.695308625698089600e-01 1.963075337698683143e-04 3.455313708400353789e-05 1.139644719660282135e-02 nan nan 1.468270202167332172e-03 1.139644719660282135e-02 1.148433615328123381e+00 4.721357758580542185e-01 4.048732072223839434e-02
2.000000000000000000e+05 2.691647112369537354e-01 1.181002953671850264e-04 1.310878474214405287e-06 1.148673146963119507e-02 nan nan 6.980421603657305241e-04 1.148673146963119507e-02 1.148638160896668703e+00 4.721603021366942432e-01 2.791623629433942835e-02
2.010000000000000000e+05 2.687717974185943604e-01 1.022044816636480391e-04 1.596148308635747526e-06 1.156019605696201324e-02 nan nan 5.789467249996960163e-04 1.156019605696201324e-02 1.148740219817922847e+00 4.722240731187661855e-01 2.542350012316265187e-02
2.020000000000000000e+05 2.684059441089630127e-01 9.747853619046509266e-05 1.573049416947469581e-06 1.146518532186746597e-02 nan nan 5.658576847054064274e-04 1.146518532186746597e-02 1.148938163655977673e+00 4.722689687116566337e-01 2.513446566232489798e-02
2.030000000000000000e+05 2.672186195850372314e-01 9.509667142992839217e-05 1.950373189174570143e-06 1.158861257135868073e-02 nan nan 5.094915977679193020e-04 1.158861257135868073e-02 1.149662597001933406e+00 4.722333420165212847e-01 2.384978754993614253e-02
2.040000000000000000e+05 2.665169239044189453e-01 9.326850704383105040e-05 2.323375838386709802e-06 1.156298909336328506e-02 nan nan 4.977829521521925926e-04 1.156298909336328506e-02 1.149704724033615122e+00 4.722442702702289163e-01 2.357415098239758547e-02
2.050000000000000000e+05 2.657495141029357910e-01 9.164180664811283350e-05 2.987530251630232669e-06 1.157571841031312943e-02 nan nan 4.963698447681963444e-04 1.157571841031312943e-02 1.149194157309691766e+00 4.723243289616941287e-01 2.354066537796212222e-02
2.060000000000000000e+05 2.658220529556274414e-01 1.286355982301756740e-04 4.894980520475655794e-05 1.155110355466604233e-02 nan nan 6.530576501972973347e-04 1.155110355466604233e-02 1.147232475340717039e+00 4.697341615656572267e-01 2.700174318382841596e-02
2.070000000000000000e+05 2.624234855175018311e-01 1.059849309967830777e-04 2.304922645635087974e-06 1.192804239690303802e-02 nan nan 6.660941871814429760e-04 1.192804239690303802e-02 1.151699379210652019e+00 4.722593154977521301e-01 2.726992022180913314e-02
2.080000000000000000e+05 2.602061629295349121e-01 9.524913184577599168e-05 2.561961991887073964e-06 1.212621759623289108e-02 nan nan 5.176617996767163277e-04 1.212621759623289108e-02 1.152845976031246611e+00 4.722332459207232436e-01 2.404025788725950435e-02
2.090000000000000000e+05 2.590987682342529297e-01 9.431140642846003175e-05 2.760450115601997823e-06 1.230698730796575546e-02 nan nan 5.062936688773334026e-04 1.230698730796575546e-02 1.153551147674483968e+00 4.722377777515734953e-01 2.377482130059512325e-02
2.100000000000000000e+05 2.620433866977691650e-01 1.005395752144977450e-04 7.692878170928452164e-06 1.190767064690589905e-02 nan nan 5.811817827634513378e-04 1.190767064690589905e-02 1.150209483719890180e+00 4.720606584290008567e-01 2.547252803971806340e-02
2.110000000000000000e+05 2.540421485900878906e-01 9.291739115724340081e-05 2.380602609264315106e-06 1.277094613760709763e-02 nan nan 5.061523988842964172e-04 1.277094613760709763e-02 1.154540262186140032e+00 4.722654636709394116e-01 2.377150668234363426e-02
2.120000000000000000e+05 2.517748475074768066e-01 1.138761435868218541e-04 2.134915348506183363e-06 1.300525199621915817e-02 nan nan 7.239058613777160645e-04 1.300525199621915817e-02 1.155333165032424780e+00 4.722266316227049510e-01 2.842870522610539338e-02
2.130000000000000000e+05 2.505559027194976807e-01 9.995848085964098573e-05 2.316019617865094915e-06 1.297190785408020020e-02 nan nan 6.004464230500161648e-04 1.297190785408020020e-02 1.154776098763382164e+00 4.722212373586767153e-01 2.589125911884638739e-02
2.140000000000000000e+05 2.453950196504592896e-01 9.996497828979045153e-05 8.432064532826188952e-06 1.342055946588516235e-02 nan nan 6.211764994077384472e-04 1.342055946588516235e-02 1.161669093623622029e+00 4.710660961187504991e-01 2.633440725550806674e-02
2.150000000000000000e+05 2.528784871101379395e-01 1.275355461984872818e-04 1.580962089064996690e-05 1.285632606595754623e-02 nan nan 7.018241449259221554e-04 1.285632606595754623e-02 1.141796433576071967e+00 4.748064720802394612e-01 2.799175889414027077e-02
2.160000000000000000e+05 2.371069788932800293e-01 9.301814134232699871e-05 2.214545247625210322e-06 1.420623436570167542e-02 nan nan 5.558267585001885891e-04 1.420623436570167542e-02 1.160089547900293727e+00 4.723367365905549176e-01 2.491069103366065976e-02
2.170000000000000000e+05 2.341379374265670776e-01 9.314851195085793734e-05 8.260079994215629995e-06 1.438449323177337646e-02 nan nan 5.086532328277826309e-04 1.438449323177337646e-02 1.156505156121843347e+00 4.726731239634005544e-01 2.383015838149897189e-02
2.180000000000000000e+05 2.259636074304580688e-01 9.159002365777269006e-05 1.935162572408444248e-06 1.489303819835186005e-02 nan nan 5.369650316424667835e-04 1.489303819835186005e-02 1.164147397906595938e+00 4.722713047203480619e-01 2.448437582348735736e-02
2.190000000000000000e+05 2.253408581018447876e-01 1.069633726729080081e-04 2.270094910272746347e-06 1.489077694714069366e-02 nan nan 7.273263763636350632e-04 1.489077694714069366e-02 1.162755582772934337e+00 4.722575449747370979e-01 2.849578960354738622e-02
2.200000000000000000e+05 2.202481627464294434e-01 9.571618284098803997e-05 2.013612402151920833e-06 1.531112007796764374e-02 nan nan 5.872453330084681511e-04 1.531112007796764374e-02 1.164367314634600081e+00 4.722589444357429000e-01 2.560506097645480483e-02
2.210000000000000000e+05 2.192483693361282349e-01 9.420006972504779696e-05 2.255446361232316121e-06 1.527052000164985657e-02 nan nan 5.846549756824970245e-04 1.527052000164985657e-02 1.162787003774007788e+00 4.722588589460918196e-01 2.554852652850685829e-02
2.220000000000000000e+05 2.108063697814941406e-01 1.091128433472476900e-04 3.363237192388623953e-05 1.620473153889179230e-02 nan nan 5.777952028438448906e-04 1.620473153889179230e-02 1.168913945481816263e+00 4.720614580411621741e-01 2.539820503691987350e-02
2.230000000000000000e+05 2.037073820829391479e-01 9.064040932571515441e-05 1.826933043957978953e-06 1.679104939103126526e-02 nan nan 5.430291639640927315e-04 1.679104939103126526e-02 1.170429089971560144e+00 4.722914017741750570e-01 2.462224400362644783e-02
2.240000000000000000e+05 2.002489566802978516e-01 9.031092486111447215e-05 2.055478262263932265e-06 1.690981164574623108e-02 nan nan 5.438772495836019516e-04 1.690981164574623108e-02 1.169641028510936875e+00 4.722971356057428793e-01 2.464146340046655809e-02
2.250000000000000000e+05 1.990120708942413330e-01 2.015649952227249742e-04 4.306821210775524378e-05 1.735435239970684052e-02 nan nan 1.403542701154947281e-03 1.735435239970684052e-02 1.170991097288829330e+00 4.720787545239543137e-01 3.958483467473913192e-02
2.260000000000000000e+05 1.980990916490554810e-01 9.831671923166140914e-05 2.306475153091014363e-06 1.734982989728450775e-02 nan nan 6.594836595468223095e-04 1.734982989728450775e-02 1.166017335743158023e+00 4.722918234700939633e-01 2.713426479914537309e-02
2.270000000000000000e+05 1.940046250820159912e-01 9.340799442725256085e-05 3.628553486123564653e-06 1.781700365245342255e-02 nan nan 6.273973267525434494e-04 1.781700365245342255e-02 1.169786707344963483e+00 4.722895193730495267e-01 2.646594236975853900e-02
2.280000000000000000e+05 2.589855492115020752e-01 2.055756776826456189e-04 2.231666876468807459e-04 1.843774318695068359e-02 nan nan 5.547325126826763153e-04 1.843774318695068359e-02 1.411961620793580119e+00 4.790015681617746934e-01 2.488615679702366884e-02
2.290000000000000000e+05 1.898646801710128784e-01 1.348178338957950473e-04 2.815097104758024216e-05 1.853409595787525177e-02 nan nan 6.334112840704619884e-04 1.853409595787525177e-02 1.209659368700738202e+00 4.754800116026840495e-01 2.659248675136574244e-02
2.300000000000000000e+05 1.739898175001144409e-01 8.787676051724702120e-05 1.703819066278811079e-06 1.938558369874954224e-02 nan nan 5.395446205511689186e-04 1.938558369874954224e-02 1.182647682953750001e+00 4.723732842593258985e-01 2.454311810414423756e-02
2.310000000000000000e+05 1.678920388221740723e-01 8.724968938622623682e-05 1.541238134450395592e-06 1.974232867360115051e-02 nan nan 5.318976473063230515e-04 1.974232867360115051e-02 1.186957286318381710e+00 4.723108548766890014e-01 2.436857322207909918e-02
2.320000000000000000e+05 1.733120232820510864e-01 1.071626029442995787e-04 2.953727971544140019e-06 1.915806159377098083e-02 nan nan 7.108951103873550892e-04 1.915806159377098083e-02 1.176040019914927903e+00 4.724323150208562527e-01 2.817207276985761455e-02
2.330000000000000000e+05 1.692969501018524170e-01 9.412566578248515725e-05 8.860094567353371531e-06 1.951776631176471710e-02 nan nan 6.284220144152641296e-04 1.951776631176471710e-02 1.174880667009075008e+00 4.715632924125898739e-01 2.648754542548633489e-02
2.340000000000000000e+05 1.642381995916366577e-01 8.876545325620099902e-05 1.998239667955203913e-06 1.948075741529464722e-02 nan nan 6.020028376951813698e-04 1.948075741529464722e-02 1.181171377439461434e+00 4.723105240030859298e-01 2.592479350702112800e-02
2.350000000000000000e+05 1.593902707099914551e-01 8.727219392312690616e-05 1.656199401622870937e-06 1.965240202844142914e-02 nan nan 5.681659094989299774e-04 1.965240202844142914e-02 1.184977758213467514e+00 4.723054722148684603e-01 2.518567711743839935e-02
2.360000000000000000e+05 1.567578315734863281e-01 8.638662256998941302e-05 1.619807562747155316e-06 1.985267363488674164e-02 nan nan 5.349677521735429764e-04 1.985267363488674164e-02 1.189899330285278944e+00 4.723129586777446987e-01 2.443879835540177861e-02
2.370000000000000000e+05 1.521651893854141235e-01 8.497467206325381994e-05 1.263003923668293282e-06 2.024347335100173950e-02 nan nan 5.184806650504469872e-04 2.024347335100173950e-02 1.196184793254728485e+00 4.723333196361017561e-01 2.405926402130910413e-02
2.380000000000000000e+05 1.551107317209243774e-01 9.012150258058682084e-05 8.698738383827731013e-06 1.974702253937721252e-02 nan nan 6.314429338090121746e-04 1.974702253937721252e-02 1.192483351922433821e+00 4.702755425410816703e-01 2.655113351569235447e-02
2.390000000000000000e+05 1.479557752609252930e-01 3.524762578308582306e-04 1.049173224600963295e-04 2.040294371545314789e-02 nan nan 1.994674326851963997e-03 2.040294371545314789e-02 1.196378493542043175e+00 4.717674921411655897e-01 4.719022176588641426e-02
2.400000000000000000e+05 1.470087021589279175e-01 9.782487904885783792e-05 2.901656444009859115e-06 2.028128691017627716e-02 nan nan 6.417566328309476376e-04 2.028128691017627716e-02 1.194297188456132197e+00 4.727894151297681868e-01 2.676709375821508322e-02
2.410000000000000000e+05 1.705312579870223999e-01 1.568001025589182973e-04 1.077662382158450782e-04 2.044044435024261475e-02 nan nan 7.238118560053408146e-04 2.044044435024261475e-02 1.305619099414050188e+00 4.664615329788771025e-01 2.842685779411637664e-02
2.420000000000000000e+05 2.080513089895248413e-01 1.037252513924613595e-04 1.053697269526310265e-04 2.070042863488197327e-02 nan nan 8.526581805199384689e-04 2.070042863488197327e-02 1.259605375114606129e+00 4.712004946564998797e-01 3.085343617354182125e-02
2.430000000000000000e+05 1.376113593578338623e-01 8.502120908815413713e-05 1.126380766436341219e-06 2.087287604808807373e-02 nan nan 5.260410835035145283e-04 2.087287604808807373e-02 1.204873925035162552e+00 4.723145820846362253e-01 2.423404204171600643e-02
2.440000000000000000e+05 1.354609280824661255e-01 8.428732689935714006e-05 2.412306685073417611e-06 2.095552906394004822e-02 nan nan 5.382683593779802322e-04 2.095552906394004822e-02 1.203604088230961544e+00 4.725077496997918680e-01 2.451407257621243674e-02
2.450000000000000000e+05 1.358931958675384521e-01 3.124204522464424372e-04 2.032460761256515980e-04 2.074050530791282654e-02 nan nan 7.702051079832017422e-04 2.074050530791282654e-02 1.207727015090087397e+00 4.798043497546101710e-01 2.932373124870390688e-02
2.460000000000000000e+05 1.373578310012817383e-01 1.531161105958744884e-04 4.300552245695143938e-05 2.102549374103546143e-02 nan nan 4.679070261772722006e-04 2.102549374103546143e-02 1.221245977076096390e+00 4.769893736484069890e-01 2.285576844368054222e-02
2.470000000000000000e+05 1.365214437246322632e-01 1.331870735157281160e-04 4.482653457671403885e-05 2.100159041583538055e-02 nan nan 5.356214824132621288e-04 2.100159041583538055e-02 1.142228303014445334e+00 4.746622151481946217e-01 2.445372642475105232e-02
2.480000000000000000e+05 1.342825889587402344e-01 4.496617475524544716e-04 8.046808216022327542e-05 2.154662646353244781e-02 nan nan 2.367442939430475235e-03 2.154662646353244781e-02 1.238807365713310293e+00 4.717630055497900043e-01 5.141097038222670196e-02
2.490000000000000000e+05 5.287651824951171875e+01 1.453662216663360596e-01 6.361988544464111328e+00 2.126475609838962555e-02 nan nan 6.057481288909912109e+00 2.126475609838962555e-02 7.879384787650648647e+00 8.000872304127635282e-01 2.600531113495735624e+00
2.500000000000000000e+05 1.694947928190231323e-01 4.711046640295535326e-04 1.533723116153851151e-04 1.916047558188438416e-02 nan nan 1.887336722575128078e-03 1.916047558188438416e-02 1.141418180625049850e+00 4.726313534969651675e-01 4.590296309144609177e-02
2.510000000000000000e+05 1.334752291440963745e-01 1.740242587402462959e-04 1.598679227754473686e-05 2.200558967888355255e-02 nan nan 9.651728323660790920e-04 2.200558967888355255e-02 1.194324994716079003e+00 4.725462387824280741e-01 3.282604686769151348e-02
2.520000000000000000e+05 1.253949105739593506e-01 1.064664465957321227e-04 1.990010559893562458e-06 2.183219604194164276e-02 nan nan 5.809285794384777546e-04 2.183219604194164276e-02 1.210175704459030888e+00 4.724339268042435647e-01 2.546697799828077577e-02
2.530000000000000000e+05 1.329258382320404053e-01 2.264148497488349676e-04 1.574810739839449525e-04 2.169762738049030304e-02 nan nan 5.517008248716592789e-04 2.169762738049030304e-02 1.269953612472735305e+00 4.773769440797736019e-01 2.481806080482263505e-02
2.540000000000000000e+05 1.192627027630805969e-01 9.325278369942680001e-05 1.623690150154288858e-05 2.161955274641513824e-02 nan nan 4.940535873174667358e-04 2.161955274641513824e-02 1.198894423959135702e+00 4.717064507780562299e-01 2.348567657259181124e-02
2.550000000000000000e+05 3.942500948905944824e-01 4.354187985882163048e-04 8.070677286013960838e-04 2.177386358380317688e-02 nan nan 1.933301566168665886e-03 2.177386358380317688e-02 1.519021692773975474e+00 4.762440913740289550e-01 4.645857190774797807e-02
2.560000000000000000e+05 1.113325506448745728e-01 8.324013469973579049e-05 1.557742621116631199e-06 2.151728421449661255e-02 nan nan 4.808242956642061472e-04 2.151728421449661255e-02 1.216973946825338215e+00 4.723273329244004892e-01 2.316910504944637295e-02
2.570000000000000000e+05 1.074734330177307129e-01 8.257685112766921520e-05 1.282223024645645637e-06 2.155630663037300110e-02 nan nan 4.661156272049993277e-04 2.155630663037300110e-02 1.221132602503056219e+00 4.723750701067337965e-01 2.281197479549495338e-02
2.580000000000000000e+05 1.216815933585166931e-01 1.888648112071678042e-04 1.202497005579061806e-04 2.157829515635967255e-02 nan nan 4.533629689831286669e-04 2.157829515635967255e-02 1.327850516335214781e+00 4.741389592673053710e-01 2.249774924671902113e-02
2.590000000000000000e+05 1.961211413145065308e-01 1.016603317111730576e-03 3.317727532703429461e-04 1.862117648124694824e-02 nan nan 2.430041087791323662e-03 1.862117648124694824e-02 1.107917010082465570e+00 4.729576029747995514e-01 5.208621849585864938e-02
2.600000000000000000e+05 1.114136129617691040e-01 1.940820220625028014e-04 3.514811760396696627e-05 1.982534117996692657e-02 nan nan 1.184496097266674042e-03 1.982534117996692657e-02 1.200499113478024960e+00 4.725463589560444655e-01 3.636493916349108069e-02
2.610000000000000000e+05 1.025979891419410706e-01 9.855963435256853700e-05 1.224084371642675251e-06 2.030140906572341919e-02 nan nan 5.273257847875356674e-04 2.030140906572341919e-02 1.224075027013749706e+00 4.723776834826732274e-01 2.426361797929684969e-02
2.620000000000000000e+05 9.922510385513305664e-02 9.531676914775744081e-05 2.761685937002766877e-05 2.054642885923385620e-02 nan nan 4.854573635384440422e-04 2.054642885923385620e-02 1.191608780085797292e+00 4.715824000314324804e-01 2.328046132648019587e-02
2.630000000000000000e+05 1.278204619884490967e-01 9.831638453761115670e-05 8.693355630384758115e-05 2.115160599350929260e-02 nan nan 5.322616198100149632e-04 2.115160599350929260e-02 1.080513378801133850e+00 4.696273763851198657e-01 2.437690806806391136e-02
2.640000000000000000e+05 8.375284820795059204e-02 8.390818402403965592e-05 1.830241785683028866e-06 2.128885127604007721e-02 nan nan 4.785438068211078644e-04 2.128885127604007721e-02 1.229676988375647317e+00 4.727248499314845032e-01 2.311409602666886220e-02
2.650000000000000000e+05 7.990449666976928711e-02 1.007383762043900788e-04 3.764167558983899653e-05 2.142436243593692780e-02 nan nan 5.140959983691573143e-04 2.142436243593692780e-02 1.230986653334579461e+00 4.712098416998035666e-01 2.395731509327577585e-02
2.660000000000000000e+05 2.042209953069686890e-01 1.603338023414835334e-04 3.322306729387491941e-04 2.195105142891407013e-02 nan nan 1.075389096513390541e-03 2.195105142891407013e-02 1.370195214490944169e+00 4.710406756938454453e-01 3.464964888264918108e-02
2.670000000000000000e+05 6.264655292034149170e-02 8.320398046635091305e-05 1.183782956104550976e-06 2.199540100991725922e-02 nan nan 4.198409151285886765e-04 2.199540100991725922e-02 1.238798820727553096e+00 4.724633692385597494e-01 2.165002641985279419e-02
2.680000000000000000e+05 5.577647686004638672e-02 8.243128104368224740e-05 2.854463673429563642e-06 2.230876497924327850e-02 nan nan 4.281215369701385498e-04 2.230876497924327850e-02 1.242857512202631742e+00 4.722866883431746654e-01 2.186248752666746301e-02
2.690000000000000000e+05 5.584599822759628296e-02 1.471097057219594717e-04 1.952733146026730537e-05 2.341643162071704865e-02 nan nan 1.047531375661492348e-03 2.341643162071704865e-02 1.243319170804337404e+00 4.723746629899006622e-01 3.419790599917423707e-02
2.700000000000000000e+05 4.868904501199722290e-02 9.731509635457769036e-05 2.168570745197939686e-06 2.337684482336044312e-02 nan nan 5.315393209457397461e-04 2.337684482336044312e-02 1.253172424576237232e+00 4.722997268011981387e-01 2.436036284469069585e-02
2.710000000000000000e+05 4.399631172418594360e-02 8.932510536396875978e-05 1.853582602961978409e-06 2.326659485697746277e-02 nan nan 4.458553739823400974e-04 2.326659485697746277e-02 1.250245237603763160e+00 4.723020504835959699e-01 2.231069298314458313e-02
2.720000000000000000e+05 4.026370123028755188e-02 8.810995495878160000e-05 2.016911366808926687e-06 2.301675826311111450e-02 nan nan 4.520613292697817087e-04 2.301675826311111450e-02 1.247516370852555623e+00 4.723908043006697643e-01 2.246543059037766493e-02
2.730000000000000000e+05 3.622335195541381836e-02 8.743300713831558824e-05 2.036496653090580367e-06 2.296132966876029968e-02 nan nan 4.327791684772819281e-04 2.296132966876029968e-02 1.252461887520585737e+00 4.723488380946240794e-01 2.198108973432901653e-02
2.740000000000000000e+05 8.522043377161026001e-02 1.102510577766224742e-04 1.184384109365055338e-05 2.043292112648487091e-02 nan nan 7.160857785493135452e-04 2.043292112648487091e-02 1.158604973676273353e+00 4.712838423515298136e-01 2.827473561556837281e-02
2.750000000000000000e+05 8.178713917732238770e-02 2.685207000467926264e-04 3.060224698856472969e-04 2.209581062197685242e-02 nan nan 4.912980366498231888e-04 2.209581062197685242e-02 1.265991426698702460e+00 4.714040583797652340e-01 2.342009056510607062e-02
2.760000000000000000e+05 3.048514202237129211e-02 8.776417962508276105e-05 2.397023308731149882e-06 2.223989181220531464e-02 nan nan 4.099254147149622440e-04 2.223989181220531464e-02 1.256966119436175200e+00 4.723308201960231822e-01 2.139284069294406648e-02
2.770000000000000000e+05 2.962439134716987610e-02 8.946860180003568530e-05 1.996524952119216323e-05 2.207116410136222839e-02 nan nan 4.464159719645977020e-04 2.207116410136222839e-02 1.225361674977790916e+00 4.713047242424849292e-01 2.232471381001300756e-02
2.780000000000000000e+05 2.598370984196662903e-02 8.931276533985510468e-05 2.843767788363038562e-06 2.197569236159324646e-02 nan nan 4.292521043680608273e-04 2.197569236159324646e-02 1.254924206258730690e+00 4.723173978704509057e-01 2.189133598083089355e-02
2.790000000000000000e+05 2.337778918445110321e-02 1.203222855110652745e-04 4.530069872998865321e-06 2.205011062324047089e-02 nan nan 6.402357248589396477e-04 2.205011062324047089e-02 1.262814448783980747e+00 4.722591849474959691e-01 2.673535709263153565e-02
2.800000000000000000e+05 2.365288324654102325e-02 1.038145564962178469e-04 1.045068711391650140e-05 2.131094411015510559e-02 nan nan 4.587747098412364721e-04 2.131094411015510559e-02 1.246114712058539631e+00 4.725459324513857640e-01 2.263162707782477231e-02
2.810000000000000000e+05 2.099764160811901093e-02 9.252323070541024208e-05 2.833177632055594586e-06 2.142174728214740753e-02 nan nan 4.213160427752882242e-04 2.142174728214740753e-02 1.257896847095047121e+00 4.722776873063728731e-01 2.168802722378992964e-02
2.820000000000000000e+05 1.930547319352626801e-02 9.023731399793177843e-05 4.959395027981372550e-06 2.126851119101047516e-02 nan nan 4.217629611957818270e-04 2.126851119101047516e-02 1.257707215680608615e+00 4.722629127168459506e-01 2.169952712035318199e-02
2.830000000000000000e+05 1.705558039247989655e-02 9.139697067439556122e-05 3.923123585991561413e-06 2.124143019318580627e-02 nan nan 3.999856708105653524e-04 2.124143019318580627e-02 1.264650766239855839e+00 4.721430347398835048e-01 2.113188603053130568e-02
2.840000000000000000e+05 1.531503908336162567e-02 9.122893970925360918e-05 3.862836365442490205e-06 2.114896848797798157e-02 nan nan 3.897048300132155418e-04 2.114896848797798157e-02 1.267929458943350296e+00 4.723526017531846088e-01 2.085854169965563332e-02
2.850000000000000000e+05 2.842226997017860413e-02 2.982701116707175970e-04 7.073701272020116448e-05 2.037230692803859711e-02 nan nan 1.508829300291836262e-03 2.037230692803859711e-02 1.215956480632161663e+00 4.723096435052836495e-01 4.104271552805047185e-02
2.860000000000000000e+05 4.819360002875328064e-02 2.424856793368235230e-04 2.104679442709311843e-04 2.065848000347614288e-02 nan nan 4.691093054134398699e-04 2.065848000347614288e-02 1.173610263119657438e+00 4.780723403872563781e-01 2.288511374831271594e-02
2.870000000000000000e+05 1.200654823333024979e-02 9.578913886798545718e-05 3.154998694299138151e-06 2.068473584949970245e-02 nan nan 4.359793383628129959e-04 2.068473584949970245e-02 1.267635646920853842e+00 4.723082068972999092e-01 2.206220879109269464e-02
2.880000000000000000e+05 1.056940108537673950e-02 9.365550067741423845e-05 3.410790441193967126e-06 2.061139792203903198e-02 nan nan 4.065659304615110159e-04 2.061139792203903198e-02 1.268723743839531126e+00 4.722879416460768476e-01 2.130499941521566201e-02
2.890000000000000000e+05 9.643849916756153107e-03 9.413951192982494831e-05 2.911918954850989394e-06 2.047536335885524750e-02 nan nan 4.035221645608544350e-04 2.047536335885524750e-02 1.268200514048735128e+00 4.724728241859458278e-01 2.122509918476261220e-02
2.900000000000000000e+05 8.309273049235343933e-03 9.162139758700504899e-05 5.164082722330931574e-06 2.043282613158226013e-02 nan nan 3.800167178269475698e-04 2.043282613158226013e-02 1.267559066711514859e+00 4.720760232654817035e-01 2.059763634287300679e-02
2.910000000000000000e+05 7.412901148200035095e-03 9.329694148618727922e-05 2.474472921676351689e-06 2.033851295709609985e-02 nan nan 3.705283452291041613e-04 2.033851295709609985e-02 1.277248484894440317e+00 4.725290130878820327e-01 2.033886739459466603e-02
2.920000000000000000e+05 1.321540214121341705e-02 1.634534128243103623e-04 4.390206959214992821e-05 2.014449238777160645e-02 nan nan 8.008294971659779549e-04 2.014449238777160645e-02 1.212576775465010082e+00 4.697354911303693314e-01 2.990102415487346649e-02
2.930000000000000000e+05 7.024754304438829422e-03 1.055899338098242879e-04 2.093652483381447382e-06 1.993871666491031647e-02 nan nan 4.514211323112249374e-04 1.993871666491031647e-02 1.265371157028425619e+00 4.723446422617611495e-01 2.244951550356952263e-02
2.940000000000000000e+05 6.100318394601345062e-03 9.868697816273197532e-05 2.629278469612472691e-06 1.994300819933414459e-02 nan nan 3.892840759363025427e-04 1.994300819933414459e-02 1.273850286329564652e+00 4.722887421453130230e-01 2.084727775358142382e-02
2.950000000000000000e+05 5.790138151496648788e-03 9.511496318737044930e-05 5.465609774546464905e-06 1.988157816231250763e-02 nan nan 3.885160840582102537e-04 1.988157816231250763e-02 1.273845731326847641e+00 4.720520558307534920e-01 2.082670336235454417e-02
2.960000000000000000e+05 5.571695044636726379e-03 1.031032006721943617e-04 2.677222437341697514e-05 1.977930963039398193e-02 nan nan 4.227598838042467833e-04 1.977930963039398193e-02 1.274425880885496687e+00 4.700373883145266274e-01 2.172515609822384119e-02
2.970000000000000000e+05 5.235739052295684814e-03 9.588955435901880264e-05 1.157143287855433300e-05 1.965106092393398285e-02 nan nan 3.958185552619397640e-04 1.965106092393398285e-02 1.271580738398901511e+00 4.726585917303951501e-01 2.102151951121961418e-02
2.980000000000000000e+05 5.414992105215787888e-03 9.459491411689668894e-05 5.466433776746271178e-06 1.957155950367450714e-02 nan nan 3.461740270722657442e-04 1.957155950367450714e-02 1.292173271016221703e+00 4.732848846943416010e-01 1.965908395744335110e-02
2.990000000000000000e+05 5.733800586313009262e-03 1.360208407277241349e-04 5.125621100887656212e-06 2.044223248958587646e-02 nan nan 5.791782168671488762e-04 2.044223248958587646e-02 1.272469168846457332e+00 4.722328175472648715e-01 2.542858360389346067e-02
3.000000000000000000e+05 5.002610385417938232e-03 1.042382500600069761e-04 3.823449787887511775e-06 1.954536512494087219e-02 nan nan 4.010520933661609888e-04 1.954536512494087219e-02 1.274274723132857945e+00 4.722648988857809371e-01 2.116003733220783722e-02
